x L L_unc
2.4402585373474572 2.354062955367848e+47 3.9454185571633416e+45
2.4416094836437643 2.4157713904440134e+47 3.949680665760664e+45
2.442960429940071 2.4261034787217743e+47 3.958117926283544e+45
2.444311376236378 2.4764276350116677e+47 4.501851836417135e+45
2.468628409556632 2.5281550798416057e+47 6.00242740229626e+45
2.4699793558529386 2.417220556634339e+47 3.966389156220678e+45
2.4713303021492457 2.3854208811280904e+47 3.9247913507418095e+45
2.4726812484455523 2.38283785905865e+47 3.922665715839122e+45
2.474032194738542 2.426941573528973e+47 4.619604472138872e+45
2.4915944965838963 2.8462658195815964e+47 5.839184849441643e+45
2.4929454428802034 2.6178928673777145e+47 4.111591771558955e+45
2.4942963891731926 2.3834836145760102e+47 3.9231973093169297e+45
2.4956473354694997 2.3298859066351245e+47 3.878835858227533e+45
2.4969982817658063 2.3499043276732865e+47 3.895463550420299e+45
2.4983492280621133 2.3616201552517966e+47 3.936033641353564e+45
2.49970017435842 2.4170629014787336e+47 3.950736216294679e+45
2.5010511206514097 2.3963987249232116e+47 3.93381193534043e+45
2.5024020669477163 2.5499792830320727e+47 4.5127078718976564e+45
2.522624044310711 2.1548506220614705e+47 3.565269097986431e+45
2.523974990607018 2.0772714356314174e+47 3.4592376179707703e+45
2.5253259369033247 1.9776130999785516e+47 3.3752382080765576e+45
2.526676883199632 2.0329148353697374e+47 3.422105251315655e+45
2.528027829495939 1.96101706628943e+47 3.387615810127831e+45
2.529378775788928 2.050196627679483e+47 3.436620135573204e+45
2.530729722085235 2.149278903588691e+47 3.5186831141696894e+45
2.5320806683815418 2.0640220615272797e+47 3.448187961259053e+45
2.533431614677849 2.0121766845980426e+47 3.4046057313470585e+45
2.5347825609741554 2.057575705470073e+47 6.940030449967202e+45
2.587469466503584 1.166520980907826e+47 2.5922688464618353e+45
2.588820412799891 1.11121924551664e+47 2.5300764833517047e+45
2.590171359096198 1.1308052768010186e+47 2.5522762222294136e+45
2.591522305389187 1.2448651060453394e+47 2.6779034112909547e+45
2.592873251685494 1.2421884534473651e+47 2.9189607601915596e+45
2.644209210921933 1.1659449211641679e+47 2.5916287165968466e+45
2.64556015721824 1.1679726627130115e+47 2.6248233945974015e+45
2.646911103511229 1.232438614158033e+47 2.6855678292212945e+45
2.648262049807536 1.2264311942482775e+47 2.6580022506445482e+45
2.649612996103843 1.2615708386114268e+47 2.6958118848052915e+45
2.65096394240015 1.326647025219469e+47 2.808701522375514e+45
2.652314888696457 1.3626915446780032e+47 4.39577903460688e+45
2.673930029427414 1.2702085000558248e+47 3.2170065877763426e+45
2.675280975720404 1.3318501273377252e+47 2.7698830189356204e+45
2.6766319220167105 1.176820931937226e+47 2.634747275374228e+45
2.6779828683130176 1.2604187191241102e+47 2.69458062918101e+45
2.679333814609324 1.2343660796821628e+47 2.7831831287703552e+45
2.6806847609056312 1.3578489018182907e+47 6.14669309413345e+45
2.7050017942258853 1.2809933060574567e+47 3.343365102684325e+45
2.706352740522192 1.34625162092918e+47 2.7848185034546144e+45
2.707703686818499 1.3220571116955361e+47 2.7596809354780263e+45
2.7090546331148055 1.3917603406781767e+47 2.8314963425008676e+45
2.7104055794077953 1.3816484950948562e+47 4.447683831761139e+45
2.730669773842446 1.6500090770047452e+47 6.775774840656023e+45
2.7320207201387525 1.5991418483951236e+47 3.035129717355063e+45
2.7333716664350596 1.6573238825046003e+47 3.089850382717344e+45
2.7347226127313666 1.6663094862844011e+47 3.110389036236505e+45
2.7360735590276732 1.6890071684058004e+47 3.1192451549076057e+45
2.737424505320663 1.6763338540453203e+47 3.1075206479331413e+45
2.7387754516169696 1.6325533135272982e+47 3.066672759219244e+45
2.757688699758631 1.6158640357927557e+47 5.834547049320033e+45
2.75903964605162 1.5063962296661556e+47 2.9458007264050406e+45
2.7603905923479273 1.398673057602075e+47 2.8385193120701012e+45
2.761741538644234 1.4603114501735006e+47 2.900390841125003e+45
2.763092484940541 1.4050737057938785e+47 2.8674974394872696e+45
2.764443431236848 1.4482141955566789e+47 2.888352312325249e+45
2.7657943775298373 1.4689523463283735e+47 2.9089590881438074e+45
2.7671453238261443 1.455126912480577e+47 2.8952374990502164e+45
2.768496270122451 1.4313389922896375e+47 3.939630799341385e+45
2.7941642497390116 1.0004586803168696e+47 4.094605074983608e+45
2.7955151960353186 1.0714711232042252e+47 2.4844141060651886e+45
2.7968661423316257 1.1697020373804658e+47 2.6320351288607738e+45
2.8738700811846254 1.8378262119335356e+47 5.0565350133573143e+45
2.875221027480932 1.3210648994173359e+47 3.193736889299379e+45
2.9035908996901068 1.255713621779363e+47 3.3299737968681373e+45
2.904941845983096 1.1167210661152508e+47 3.454510589640604e+45
2.9334753093470107 9.46882049060076e+46 2.268672542376453e+45
2.9348262556433173 8.272987822442227e+46 2.120581886512288e+45
2.936177201936307 7.604408648880864e+46 2.0330900016743872e+45
2.9375281482326137 7.506567794213348e+46 2.0199683650398366e+45
2.9388790945289207 7.240223245396219e+46 1.9838089066189683e+45
2.9402300408252273 7.288884897683046e+46 2.006199376084356e+45
2.9415809871215344 7.196738421099545e+46 1.9778425659135142e+45
2.9429319334145236 7.495696588139179e+46 2.018505083384231e+45
2.9442828797108307 8.126226540440951e+46 2.1016884051610826e+45
2.9456338260071377 8.255065328102055e+46 3.939927639105464e+45
2.963196127852492 8.487037915429066e+46 2.256201783043439e+45
2.9713018056236984 6.723131647834319e+46 2.2548660227450957e+45
2.972652751920005 7.321757290952483e+46 1.994947845337847e+45
2.974003698216312 7.327975190862214e+46 2.7084974359052146e+45
2.9988695534714105 6.420360343613745e+46 1.854944816396386e+45
3.000220499767717 6.162823931649205e+46 1.8102479228069077e+45
3.001571446060707 6.136237115723194e+46 1.8063389679598757e+45
3.0029223923570134 6.274488558538449e+46 1.8265742140075664e+45
3.0042733386533205 6.625434528761785e+46 1.8769614148111892e+45
3.005624284949627 7.202223686798801e+46 4.2220180934310234e+45
3.029941318269881 7.046444807693262e+46 2.0833250621543713e+45
3.031292264566188 7.449625822468108e+46 1.990285608146205e+45
3.0326432108624948 7.566607812542553e+46 2.0058514472830618e+45
3.033994157158802 7.577242538912957e+46 2.007260585849941e+45
3.0596621367753625 9.999914861887983e+46 3.6178422756221766e+45
3.0610130830716695 1.009767268869874e+47 2.3171749237833652e+45
3.062364029367976 1.0528379106700108e+47 2.3660773262122138e+45
3.063714975664283 1.0799210224812025e+47 2.6457845365539215e+45
3.119103773786325 7.350722997041786e+46 2.294860960010991e+45
3.1204547200793145 7.311374379652854e+46 1.971731105176845e+45
3.1218056663756215 7.960092688247507e+46 2.0573455531046004e+45
3.1231566126719286 7.61797631902616e+46 3.084428459484567e+45
3.148824592288489 9.80320487864479e+46 2.3434140697074132e+45
3.150175538584796 9.27348139499242e+46 2.2205960917913964e+45
3.151526484881103 9.592523186104543e+46 2.258471432191851e+45
3.15287743117741 1.0034319993190673e+47 4.417363198080748e+45
3.174492571908367 1.0664477510735417e+47 2.984311466556644e+45
3.175843518201357 1.0395445027070057e+47 2.3510924245815526e+45
3.1771944644976635 9.916882340401871e+46 2.296337644733444e+45
3.1785454107939706 1.0384810300699653e+47 2.349889575624939e+45
3.179896357090277 1.0572105850881545e+47 2.7028117475758818e+45
3.2055643367068383 1.0049816420031921e+47 2.3116773158118484e+45
3.206915283003145 1.001791224092071e+47 2.3080050767712866e+45
3.208266229299452 9.895612887661062e+46 2.2938737313648124e+45
3.2096171755957585 1.0193259302148354e+47 3.3053907986079227e+45
3.232583262619706 1.0497292783742872e+47 5.242098106492588e+45
3.2339342089160126 1.1033831086252838e+47 2.4709489194003423e+45
3.2352851552123196 1.1288762042184007e+47 2.4500294896206693e+45
3.2366361015086262 1.2644689654410535e+47 2.5929983316002366e+45
3.237987047801616 1.2495803485224876e+47 2.5776874639875725e+45
3.2393379940979226 1.2639372291225331e+47 2.5924530941642542e+45
3.2406889403942296 1.2368552856772758e+47 3.110663142899839e+45
3.2623040811251873 1.0411003117668948e+47 3.622451235823217e+45
3.263655027421494 1.0384810300699653e+47 2.349889575624939e+45
3.265005973717801 1.0384810300699653e+47 2.349889575624939e+45
3.2663569200107903 1.0390127663884855e+47 2.350491000103246e+45
3.2677078663070973 1.1162208538739323e+47 3.634915428518999e+45
3.270409758899711 1.2239470490172611e+47 3.789836288891574e+45
3.2920248996306687 1.0262435652746465e+47 3.1476307684468626e+45
3.2933758459269753 1.0430809516623203e+47 2.373705782124578e+45
3.294726792219965 1.0565600648996523e+47 2.3702560599989246e+45
3.2960777385162716 1.1565264927814514e+47 2.4798530442989027e+45
3.2974286848125787 1.2267805960446882e+47 2.6054576561046258e+45
3.325798557021753 8.952803242480161e+46 3.061794209286815e+45
3.32714950331806 9.693553086623382e+46 2.2703335918854015e+45
3.3285004496110493 1.0564328428312562e+47 2.3747560944175537e+45
3.3555193755272343 1.0010646302994055e+47 2.909285132066708e+45
3.356870321820224 1.1013709228496337e+47 5.2209985536313854e+45
3.375783569961885 1.0384810300699653e+47 2.349889575624939e+45
3.3771345162548747 8.188739305211196e+46 2.0866839113740276e+45
3.3784854625511813 8.188739305211196e+46 2.0866839113740276e+45
3.3798364088474884 8.194056668396398e+46 2.087361401342845e+45
3.381187355143795 8.061122588766346e+46 2.0703602571103732e+45
3.382538301440102 7.848428061358262e+46 2.042864306441776e+45
3.383889247736409 7.6889071658022e+46 2.0219968040369583e+45
3.3852401940293984 9.092691046695549e+46 2.1988437956009552e+45
3.4041534421710598 1.1751372639296587e+47 2.4997262186117608e+45
3.405504388464049 9.571253733363734e+46 4.511932278392763e+45
3.4149610125348797 9.272248119839602e+46 2.4693091502662342e+45
3.4163119588311868 9.879660798105455e+46 2.2920240214768938e+45
3.4176629051274934 9.954103882698284e+46 4.115515453285032e+45
3.444792650853043 8.442518708293381e+46 2.079665192388516e+45
3.44614359714935 8.473256033687653e+46 2.0834475978158523e+45
3.471811576765911 7.817526425276517e+46 2.0012072969529185e+45
3.473162523062218 8.001950377642149e+46 2.0246750169504644e+45
3.4745134693585245 7.971213052247877e+46 2.020782783992766e+45
3.4758644156548315 8.15872624589459e+46 2.3187931432607718e+45
3.500181448975085 7.086110405478891e+46 3.871555677747082e+45
3.501532395271392 7.023478852591156e+46 1.896852382534128e+45
3.502883341567699 7.131059491471109e+46 1.911324602442513e+45
3.5042342878606885 7.443555632979541e+46 1.9527544000658997e+45
3.5055852341569955 7.199074078558752e+46 2.5876536735048712e+45
3.5326041600698628 6.276268930405881e+46 3.429092216386879e+45
3.53395510636617 6.362626356614308e+46 1.8054090427257268e+45
3.535306052662477 6.077493763837914e+46 3.117688761094226e+45
3.5920457970808255 5.781907778904729e+46 2.3526249081786657e+45
3.5933967433771326 5.848399007336356e+46 1.8587434020343124e+45
3.613660937811783 5.120271716262861e+46 2.672760042980427e+45
3.6150118841080903 5.691528085506035e+46 1.7075437237309075e+45
3.6163628304010795 5.620539321994745e+46 1.7102757324043335e+45
3.6177137766973866 5.77861717412314e+46 1.7205582860788434e+45
3.619064722993693 6.439469670099989e+46 1.8162786460465147e+45
3.6204156692900002 6.987618639631172e+46 1.8920037511180787e+45
3.621766615586307 6.88003800075122e+46 1.8773828145716056e+45
3.6231175618792966 7.428936767913177e+46 2.4373550890493325e+45
3.6487855414991746 6.622219553860468e+46 2.0734974580722077e+45
3.6501364877921643 6.926143988842629e+46 1.8836629169127506e+45
3.651487434088471 7.202779917391076e+46 1.920912037744249e+45
3.652838380384778 7.194290757392964e+46 2.997621083772851e+45
3.6785063600013386 7.148738206251709e+46 1.9174409406013744e+45
3.6798573062976456 7.806574001835857e+46 2.1006981415661607e+45
3.7068762322105133 5.55984823787122e+46 3.204643242588708e+45
3.70822717850682 6.64000082644878e+46 1.9805460416591692e+45
3.7109290710994336 6.723235867694365e+46 1.8970706696362893e+45
3.7365970507159947 5.536077964524017e+46 2.4394873456041072e+45
3.7379479970123013 6.331553216935029e+46 1.844750553891014e+45
3.7406498896015976 7.193155117278299e+46 2.6733150433117953e+45
3.7676688155177827 6.761974578147631e+46 2.2640765595353665e+45
3.769019761810772 8.050342029070065e+46 4.0302119027560113e+45
3.7946877414306504 4.764285436112163e+46 2.2093844036414474e+45
3.7960386877269574 4.595230146443667e+46 1.5343027153661047e+45
3.7973896340199467 5.696650973071748e+46 1.7083121255981403e+45
3.7987405803162533 8.107823178882702e+46 2.3533086920376296e+45
3.8000915266125603 7.868755300933638e+46 3.839559517798394e+45
3.825759506229121 5.72738829846602e+46 1.7129147198954597e+45
3.827110452525428 6.260168605300069e+46 1.790813706546651e+45
3.828461398821735 6.914012775965766e+46 2.6933171380007194e+45
3.8541293784382957 5.070074359531479e+46 2.618174978699744e+45
3.8554803247346023 6.173079516682964e+46 1.7783134966184903e+45
3.8568312710309094 6.669999610557028e+46 1.8485036459205665e+45
3.8581822173272164 7.201103347375979e+46 2.3924063157333576e+45
3.883850196943777 5.626869139858531e+46 2.2329547205312353e+45
3.8852011432400837 6.787826024568404e+46 1.864759292950102e+45
3.8865520895363908 7.644974789858522e+46 1.994642854653273e+45
3.88790303582938 7.352914542241679e+46 2.5354877462319375e+45
3.9161568110906715 7.449597512961096e+46 1.9597420002354238e+45
3.9175077573869785 7.643306909796645e+46 2.9617214843352436e+45
3.9445266832998462 8.461121104763469e+46 3.9111548834418244e+45
3.945877629596153 8.264155580122241e+46 2.064104743156811e+45
3.9742475018053276 8.96401538107699e+46 3.0764421309137084e+45
3.975598448101634 9.754971870909878e+46 2.2558238995235802e+45
4.002617374014502 8.155891533221076e+46 2.0505398383807228e+45
4.0039683203108085 8.119803517587355e+46 2.0459980781647175e+45
4.005319266607116 9.124060293044119e+46 2.4786688828422403e+45
4.03368913881629 7.727928473241343e+46 2.0238780893340507e+45
4.035040085109279 7.755046718945735e+46 2.8167598024915506e+45
4.060708064729158 7.663930520991064e+46 2.237703664710109e+45
4.062059011022147 8.047627486319912e+46 2.0368844681287815e+45
4.063409957318454 8.063093778734364e+46 2.038840882376154e+45
4.0647609036147605 7.987302275058024e+46 3.700046222302542e+45
4.093130775823935 8.104337225172903e+46 2.044048743824151e+45
4.117447809147507 7.867653108687872e+46 2.588267806838848e+45
4.118798755440496 8.063093778734364e+46 2.038840882376154e+45
4.120149701736803 8.362108765413771e+46 2.0763012592785745e+45
4.12150064803311 8.382730488633041e+46 2.078859858932607e+45
4.122851594329417 7.944000935707894e+46 2.239747004479932e+45
4.151221466538591 6.823066666764323e+46 4.121965401838945e+45
4.152572412831581 7.501517458862982e+46 2.5273255423660084e+45
4.178240392451459 6.606580108415255e+46 2.2450073752367394e+45
4.179591338747766 8.406731687367675e+46 3.053462326734277e+45
4.180942285040755 9.068844571858441e+46 2.9239128153507864e+45
4.182293231337062 7.615189925238829e+46 3.1702449961699705e+45
4.207961210953623 6.773373272887272e+46 1.9844585448871664e+45
4.20931215724993 8.001971841959916e+46 2.1810944998665777e+45
4.237682029459104 6.470065660045798e+46 1.8263618659417682e+45
4.2390329757554115 7.382576912498471e+46 1.9509064732056986e+45
4.240383922051718 8.336774656224474e+46 2.2312865158468432e+45
4.286316096102929 8.204696320128351e+46 2.1241154098924365e+45
4.287667042399236 6.926078996128109e+46 2.79513816043439e+45
4.316036914608411 6.580535491245165e+46 2.0098508273107196e+45
4.317387860904717 6.042164903245955e+46 1.7649352178449564e+45
4.318738807201025 6.253537566243467e+46 1.795541064974767e+45
4.320089753494014 6.165895242561572e+46 1.7829146411786208e+45
4.321440699790321 6.078252918879678e+46 1.770198145234777e+45
4.322791646086627 6.476551484005081e+46 1.856515385692311e+45
4.324142592382935 6.56286341453251e+46 1.8394126908181143e+45
4.3254935386792415 6.676282892238491e+46 1.8552388391623857e+45
4.326844484972231 7.006230463746804e+46 1.9005297896562452e+45
4.328195431268537 7.532084405838175e+46 1.9705618678115894e+45
4.329546377564845 8.201554100156616e+46 4.3964942948331434e+45
4.355246019985977 7.651729442333935e+46 2.003922035296986e+45
4.356596966282283 7.88354767851739e+46 2.0260901050336104e+45
4.357947912578591 7.934119210821558e+46 2.0568245102791112e+45
4.383615892195151 7.775934513893667e+46 3.015377908032713e+45
4.384966838491458 8.263665895513274e+46 2.074360807734606e+45
4.386317784787765 7.982482556913578e+46 2.0387638162706452e+45
4.387668731080755 7.948204820050456e+46 2.3802997157897227e+45
4.413336710700633 6.546834804074285e+46 2.6529114351880003e+45
4.414687656996939 6.649465247996504e+46 1.8607639613214952e+45
4.416038603289929 6.613015555955803e+46 1.8556568553467064e+45
4.417389549586236 6.536721896004259e+46 2.540569206831767e+45
4.443057529202797 7.229924559721678e+46 2.3334480619426763e+45
4.444408475499103 7.399287484262357e+46 1.9628760869235156e+45
4.44575942179541 7.399287484262357e+46 1.9628760869235156e+45
4.4471103680917174 7.628713200899892e+46 3.500293756887005e+45
4.472778347708278 6.904795518718628e+46 2.0092126800653143e+45
4.474129294004585 6.435974194615253e+46 1.8306489001866622e+45
4.475480240300891 6.087098570797112e+46 1.780340599061281e+45
4.499797273621145 5.946866033682027e+46 1.8484938765222017e+45
4.501148219917452 6.007086462560864e+46 1.8459328747201343e+45
4.5024991662137595 5.606352786895266e+46 1.7536986719145923e+45
4.503850112510066 5.897268289885921e+46 1.7732636292168653e+45
4.505201058806373 5.834807257553479e+46 2.1082014680162295e+45
4.530869038422933 5.914647109467477e+46 2.4166592672411292e+45
4.532219984719241 6.255347867748937e+46 1.8486245783903284e+45
4.53357093101223 6.070274022481242e+46 1.7954992348731903e+45
4.534921877308537 6.144884528405793e+46 2.580609068636753e+45
4.560589856928415 6.788867013845245e+46 2.5424506781006094e+45
4.561940803221405 6.580785190361916e+46 1.8620721718131117e+45
4.563291749517711 6.272706347100561e+46 1.8361979691653756e+45
4.564642695814018 6.320598689743186e+46 3.076819505520777e+45
4.586257836544976 5.205783422149599e+46 2.702708052404119e+45
4.587608782841283 5.342648697762424e+46 1.6811092777046164e+45
4.588959729137589 6.045441779893453e+46 1.774238132811137e+45
4.590310675430579 7.003547970677601e+46 1.9096639398860566e+45
4.591661621726886 7.99810385350245e+46 2.176808229314436e+45
4.593012568023193 5.837157825375161e+46 1.7434063963872435e+45
4.60922392357224 6.56674916044348e+46 2.678632887476178e+45
4.610574869865229 5.399761520886746e+46 1.6768151850219914e+45
4.611925816161537 5.373726026571959e+46 1.6727677970813322e+45
4.6132767624578435 5.274791148175769e+46 1.657297800816096e+45
4.61462770875415 5.243548554998026e+46 1.6523823776722228e+45
4.615978655050458 5.231961298073919e+46 1.6603126837255638e+45
4.617329601343447 5.884021715141776e+46 1.750390802294657e+45
4.618680547639753 6.092305669660069e+46 1.7811017686033208e+45
4.62003149393606 6.748400126392692e+46 1.8745555906646367e+45
4.6213824402323675 7.932113155644373e+46 2.2878980636303342e+45
4.622733386528674 6.510212855711334e+46 1.8976101686648634e+45
4.640295688370711 7.711713416039798e+46 2.0038876714319617e+45
4.641646634667018 7.217039024058852e+46 1.9385518336329133e+45
4.642997580963325 7.49301526379559e+46 1.9752689281886184e+45
4.644348527259631 7.711713416039798e+46 2.0038876714319617e+45
4.645699473552621 7.594000055989757e+46 1.9963482791726537e+45
4.647050419848928 7.263902913825468e+46 1.9448356536909598e+45
4.648401366145235 7.47218686834376e+46 1.9725216067022e+45
4.652454205030838 8.521186554746354e+46 3.791878103844768e+45
4.678122184650716 6.011646487859064e+46 2.2885946767785422e+45
4.679473130947023 6.357867711670893e+46 1.8195066652463726e+45
4.680824077240012 8.675108702238821e+46 2.1337252784217533e+45
4.6821750235363195 9.284755608286278e+46 3.2806069582324e+45
4.709193949449187 7.033420140863581e+46 3.512322301455839e+45
4.710544895745493 7.133902147999082e+46 2.0073610040551642e+45
4.738914767954668 6.287223550583359e+46 2.5688897988531372e+45
4.740265714250976 6.942798695820494e+46 3.5852456011982174e+45
4.7686355864601495 6.146290546799942e+46 2.1044498476768484e+45
4.769986532756457 6.758254332163253e+46 2.200790433035259e+45
4.795654512373018 6.790056917296351e+46 1.8803322954197535e+45
4.797005458669324 6.878577597966626e+46 1.892549344658576e+45
4.7983564049623135 6.774435620707479e+46 1.8781681664634574e+45
4.79970735125862 6.7929102701767e+46 2.490401737962468e+45
4.8248528946130245 6.793998011164446e+46 2.0025701904599238e+45
4.826203840909331 7.326577606410215e+46 2.07144077612489e+45
4.827554787205639 6.963469843342722e+46 2.019457803455116e+45
4.828905733501945 6.944868491734439e+46 2.3227114335998377e+45
4.854573713118506 6.858051460516676e+46 2.0041135114093986e+45
4.855924659414812 6.910760651929699e+46 2.011800179126194e+45
4.85727560571112 6.858051460516676e+46 2.0041135114093986e+45
4.8586265520074265 6.169183765173355e+46 2.7534414081572133e+45
4.881592639031374 6.802534801185372e+46 2.903251224202059e+45
4.882943585327681 7.584266986651661e+46 2.107553994839109e+45
4.884294531623987 7.730681407243392e+46 2.1277999171152072e+45
4.885645477920294 7.918091865600808e+46 2.153437185823373e+45
4.886996424213284 7.742394560890731e+46 2.1294113783208473e+45
4.888347370509591 7.068051776598004e+46 3.890834095854549e+45
4.941034276042337 6.731932023185482e+46 2.2353013364016924e+45
4.942385222338643 6.500800274272852e+46 1.9512158954322778e+45
4.943736168631633 6.834625153222e+46 2.0006875086936786e+45
4.945087114927939 6.817055422750991e+46 1.9981142645280665e+45
4.946438061224247 7.242808254269515e+46 2.3243278098403484e+45
4.972607368568794 5.724555475724693e+46 1.699197464264536e+45
4.973958314865102 5.689249847240047e+46 1.693949550781068e+45
4.975309261161408 5.396717496938697e+46 1.6498246339902955e+45
4.9766602074543975 5.070805369260053e+46 3.450246068437443e+45
4.999626294481662 5.654465700816759e+46 2.243906295076601e+45
5.000977240777969 6.05743711572278e+46 1.7479032423299783e+45
5.0023281870742755 6.904772199354277e+46 1.866154648474129e+45
5.003679133367266 5.774992087845614e+46 1.7066664480388518e+45
5.005030079663572 5.613594929058663e+46 1.6826489129143898e+45
5.02124143521262 5.505579801733289e+46 2.3847312712955933e+45
5.022592381508927 5.416892141787066e+46 1.652905541697099e+45
5.023943327805234 5.47237241512008e+46 1.66134864872874e+45
5.025294274098223 5.497590721180542e+46 1.6651722220040354e+45
5.0266452203945295 5.411848480574974e+46 1.6521359400717186e+45
5.027996166690837 5.550578100928624e+46 2.870135562857885e+45
5.063120770378228 5.734978960138843e+46 1.756520471729361e+45
5.064471716674535 5.375123091011827e+46 2.2673589426080336e+45
5.09284158888371 6.482786083169659e+46 2.410973917119436e+45
5.094192535176699 6.160315613959716e+46 3.095675015191832e+45
5.119860514796577 5.299769240986292e+46 1.6920861528456157e+45
5.121211461092884 7.098386113542248e+46 2.0941106499117694e+45
5.149581333298741 5.7195118145126e+46 1.698448641883041e+45
5.150932279595048 6.097786405419518e+46 1.7537150814044436e+45
5.180653098100529 6.889226862202895e+46 2.4683217442366795e+45
5.20632107771709 5.296358366582605e+46 1.6376139422016052e+45
5.207672024013397 5.346280884817774e+46 1.642097064069852e+45
5.209022970309704 5.366455529666144e+46 1.6451925942075378e+45
5.21037391660601 6.236298074592861e+46 2.3404410825557706e+45
5.234690949926264 4.942092267981051e+46 3.316915280445998e+45
5.236041896222571 4.741041539366706e+46 1.5463572750697e+45
5.2373928425188785 4.720866894518336e+46 1.5430635725134788e+45
5.238743788815185 5.285756950272668e+46 1.6327758415836525e+45
5.240094735108174 5.767258515032493e+46 1.8830766490129905e+45
5.265984354353417 4.877633507311979e+46 1.6359057700827635e+45
5.267335300649724 5.168426056116855e+46 1.6839642056929628e+45
5.2686862469460305 4.992853196461082e+46 1.655114723614813e+45
5.270037193242337 4.924112320312094e+46 2.8195384533552423e+45
5.294354226562591 5.314637760041354e+46 3.17610363950111e+45
5.295705172858899 5.014799803918053e+46 1.658748366307956e+45
5.297056119155205 5.722577894405393e+46 1.7719421651809214e+45
5.298407065451512 5.601871553392049e+46 1.7531548448039513e+45
5.3240750450680725 6.007883791346027e+46 1.8155762258766372e+45
5.32542599136438 6.057263658124213e+46 1.8230220434452426e+45
5.326776937657369 6.188943302866044e+46 1.8427311173168614e+45
5.328127883953676 5.981053313601693e+46 2.1484577471283198e+45
5.382165735779411 5.33021196159472e+46 2.529606793849683e+45
5.383516682075718 5.371432175093845e+46 1.716717117079742e+45
5.384867628372025 5.316565656451415e+46 1.7079269710151947e+45
5.386218574668332 5.547005034749619e+46 1.7445482541015307e+45
5.4037808765103685 5.101703158735808e+46 2.0293485261347224e+45
5.405131822806676 4.879839353004714e+46 2.6582177780472024e+45
5.411886554284893 5.551046015465306e+46 2.1607419333471977e+45
5.413237500581199 5.2507258340805e+46 1.6973186431595444e+45
5.414588446877507 5.700631286948422e+46 1.768541263152186e+45
5.415939393173813 5.604071706147669e+46 1.9989061728097457e+45
5.444309265382988 5.839277077447087e+46 2.1465610781527276e+45
5.445660211675977 6.066853913012409e+46 2.675974509367031e+45
5.474030083885151 6.02846945195386e+46 1.8403788040729104e+45
5.49969806350503 5.444568668452918e+46 2.807822095753754e+45
5.501049009798019 5.936557317110868e+46 1.8047665522303758e+45
5.503750902390633 6.371698639889024e+46 2.016925993171984e+45
5.530769828303501 5.559807110806635e+46 2.1560006795065337e+45
5.5591397005126755 5.162393552046881e+46 1.9484198669593263e+45
5.560490646808982 5.514085123564162e+46 1.7393638092924475e+45
5.588860519018157 5.63553020688784e+46 1.7974551047216172e+45
5.5902114653144634 5.503111819835676e+46 1.7376322773530218e+45
5.618581337523638 5.409838738143547e+46 1.722843617401862e+45
5.6199322838166275 5.349485567636873e+46 1.7132065422918792e+45
5.621283230112934 5.75791763874338e+46 2.2412664358472602e+45
5.640196478251278 5.777444413047822e+46 1.7804164788150817e+45
5.641547424547585 5.49213851610719e+46 1.7358989663707477e+45
5.642898370843891 5.750011153726609e+46 1.7761844498273882e+45
5.644249317140199 5.431785345600518e+46 1.7263347273679717e+45
5.676672028234976 5.728995508927266e+46 2.2083654453057436e+45
5.678022974531283 5.706117938812665e+46 1.769392064232056e+45
5.67937392082759 5.777444413047822e+46 1.7804164788150817e+45
5.699638115262241 5.607358205256292e+46 1.7540131806535325e+45
5.7009890615585475 5.689657983219936e+46 1.766838195898335e+45
5.702340007851537 5.481165212378704e+46 1.7341639809952045e+45
5.703690954147844 5.228673070090266e+46 2.1767250635967136e+45
5.706392846740457 5.515242799070429e+46 1.8850710813147082e+45
5.707743793036764 5.717091242541151e+46 1.771092619896003e+45
5.7090947393330715 5.882634486514914e+46 2.107672666580007e+45
5.729580573393086 5.569063233431972e+46 1.7540900459778833e+45
5.730931519689393 5.640886469577424e+46 1.7653649050807874e+45
5.7322824659857 5.762433484592805e+46 1.7842830720369532e+45
5.734984358574996 5.73460818526805e+46 3.840177767524067e+45
5.736335304871303 5.563538369113091e+46 1.753219725573647e+45
5.73768625116761 5.712709705722876e+46 1.7765681068553375e+45
5.739037197463917 6.041360225332362e+46 3.4938087932405505e+45
5.764705177080478 5.488775327844837e+46 2.6687338799113458e+45
5.766056123376784 5.430941625459949e+46 1.7322013666261463e+45
5.767407069673092 5.520587135102807e+46 1.77438382288161e+45
5.794425995585959 5.601525857836881e+46 2.1156670236635806e+45
5.795776941878948 5.872930770970424e+46 1.8013090640108606e+45
5.797127888175256 5.85143087477638e+46 2.1746671387486028e+45
5.824146814088123 4.726796588943513e+46 1.7012112581675555e+45
5.82549776038443 5.25414596725576e+46 1.7037735345483532e+45
5.826848706680737 5.186006086393215e+46 2.7641504600230368e+45
5.853867632593604 4.580112520352287e+46 1.590738841098013e+45
5.855218578889911 4.635361163541096e+46 1.600304356784387e+45
5.882237504802779 4.4724521897555976e+46 2.9237334378372704e+45
5.883588451099086 5.066300580413808e+46 1.6730398117954783e+45
5.884939397395392 5.008007596705538e+46 1.901013702954032e+45
5.91195832330826 4.718149825585068e+46 2.2569971938911065e+45
5.913309269604567 5.08287517337045e+46 1.6757742765211756e+45
5.914660215897556 4.749910039566624e+46 2.366098637663746e+45
5.933573464039218 4.281769847132717e+46 1.53805711094066e+45
5.934924410332207 4.049725545739718e+46 1.4958002575178168e+45
5.9362753566285145 4.0482030382690304e+46 1.5013954303212242e+45
5.937626302924821 4.29834444008936e+46 1.541031100824225e+45
5.938977249221128 4.4669522790475317e+46 2.1319600033197895e+45
5.971399960315906 4.660723474036193e+46 1.6109816148444985e+45
5.9916641547505565 4.834173662336353e+46 2.258861127455719e+45
5.993015101046863 4.4530406410180257e+46 1.5685166390341546e+45
5.99436604734317 4.3977919978292164e+46 1.558756067884862e+45
5.995716993639477 4.0386758171019564e+46 1.493758234416558e+45
5.997067939935784 4.0994493246096465e+46 1.5049552188640888e+45
6.021384973256038 4.661322023484803e+46 1.8826902918232096e+45
6.022735919552344 3.817681244346719e+46 1.4523143755352674e+45
6.024086865848651 3.6298358575047674e+46 1.4161338528000482e+45
6.025437812141641 3.861880158897767e+46 1.4606972291685182e+45
6.026788758437948 3.5649753531986864e+46 1.517354360373192e+45
6.059211469536042 4.819603451307899e+46 1.9247643136803248e+45
6.0605624158290325 4.502764419887954e+46 1.5772495597921024e+45
6.088932288038206 4.509044973961389e+46 1.6508785184607217e+45
6.090283234334514 4.70682223511877e+46 1.9073005797329097e+45
6.118653106543688 5.25414596725576e+46 1.7037735345483532e+45
6.120004052839995 5.359016888816452e+46 2.636999799778955e+45
6.142970139867259 4.5624686314511147e+46 1.7244510996724732e+45
6.144321086160248 5.02159112847392e+46 1.727479780958121e+45
6.169989065780127 5.55374104196949e+46 2.2883790993303185e+45
6.171340012076434 4.922654108122905e+46 1.649151155333679e+45
6.172690958369423 4.933703836760665e+46 1.6510010735678928e+45
6.17404190466573 4.901507271800801e+46 1.9960481809001145e+45
6.2067654123973 5.289099411922742e+46 1.7017397957280655e+45
6.208116358693607 4.940873124686838e+46 2.942247195025959e+45
6.235135284606475 3.994748242039781e+46 3.054860262958071e+45
6.2364862309027815 4.500662232505687e+46 1.56978618612636e+45
6.294576921617438 4.833853949995024e+46 1.9137410476315836e+45
6.295927867910427 5.090261052989065e+46 2.5017268491653457e+45
6.382388430834257 4.859982400731982e+46 2.5231772358289235e+45
6.383739377130564 5.069039080569453e+46 2.2060160376846583e+45
6.436426282659992 4.078722140559126e+46 2.2694615610972678e+45
6.4377772289563 4.122869417368348e+46 1.5024571401779253e+45
6.439128175252606 4.3031148234248845e+46 2.455917428470352e+45
6.462094262279871 4.592450671889547e+46 2.287662642353589e+45
6.46344520857286 4.3090281958418197e+46 1.536002662589323e+45
6.464796154869167 3.8217302168965563e+46 1.446546195621225e+45
6.466147101165474 3.8683778527011725e+46 1.461066039633675e+45
6.467498047461781 3.673898245755858e+46 1.4182926736664493e+45
6.491815080782034 4.376312983397518e+46 1.846036149971356e+45
6.493166027078342 3.94592239988232e+46 1.6190317415457534e+45
6.521535899287516 4.0409009524672013e+46 1.662204456483775e+45
6.522886845583823 3.7067497948982356e+46 1.4246197022741067e+45
6.52423779188013 3.903859089752499e+46 1.46200676545191e+45
6.525588738173119 3.586294114709519e+46 1.4012810758770132e+45
6.5269396844694265 3.6164534836772243e+46 1.67349515051558e+45
6.551256717792997 3.3882795174603713e+46 1.3673983416908507e+45
6.5526076640893045 3.0059167465275204e+46 1.2828940525980537e+45
6.553958610382294 2.9566394228139545e+46 1.2723350109954848e+45
6.5553095566786 2.8143689291393565e+46 1.2462234991714618e+45
6.556660502974908 3.044602466659152e+46 1.8702844858048e+45
6.580977536298478 2.825233226244446e+46 1.2437395778141434e+45
6.5823284825914685 2.7254618176435324e+46 1.2312382005662197e+45
6.583679428887775 2.5186187675822575e+46 1.1743120699883089e+45
6.585030375184082 2.610189152402567e+46 1.200166365150441e+45
6.586381321480389 2.4098820581327817e+46 2.4343486156213974e+45
6.819567317231327 2.179477779414937e+46 1.0486016926542863e+45
6.820918263527633 2.2632168701218278e+46 1.1687200547886265e+45
6.877658007945983 2.398578654218175e+46 1.7176578596727808e+45
6.879008954242289 2.0987563801773466e+46 1.0289999774859347e+45
6.880359900538596 2.7251543027728585e+46 1.8760735748837818e+45
6.933046806068025 3.069011623724056e+46 1.9810386223996055e+45
6.934397752364331 2.673896349745177e+46 1.1614663366557386e+45
6.935748698660638 2.3554769361693813e+46 1.116603098948185e+45
6.937099644953627 2.330830402985419e+46 1.0844004048925584e+45
6.938450591249935 2.458271824721804e+46 1.1549968718862054e+45
6.995190335668283 2.8346838780727386e+46 2.1805261192728178e+45
6.99654128196459 2.492273201460599e+46 1.1213267098807436e+45
6.9978922282608975 2.49502499736013e+46 1.5624452661434964e+45
7.024911154173765 2.8295624245505533e+46 1.6702377635458782e+45
7.026262100470071 2.4165968896753584e+46 1.104171287841619e+45
7.0276130467630615 2.4997593857622224e+46 2.2819578888750643e+45
7.08435279118141 2.390619646931744e+46 1.100371844921534e+45
7.085703737477717 2.4461932066882265e+46 1.2066180641281187e+45
7.1137991987194695 3.063842714544456e+46 1.36070033159504e+45
7.115150145015776 3.188036464903819e+46 1.5181126846656144e+45
7.142169070928644 3.1524367203218147e+46 3.033433477490894e+45
7.143520017224951 3.0940581259304955e+46 1.3673934029923048e+45
7.1448709635212575 3.0092893646780956e+46 1.7856846617510274e+45
7.171889889434126 3.683402495741974e+46 2.3295883465833073e+45
7.173240835730432 3.2511782651379034e+46 1.4016824268554772e+45
7.174591782026739 3.12697381840488e+46 2.2685452486293325e+45
7.201610707939607 2.877634340430448e+46 1.5187573486513705e+45
7.202961654235914 3.0215411386039993e+46 1.3512742675701568e+45
7.256999506061649 3.8590723599179694e+46 2.5613564028334764e+45
7.258350452357956 4.157640606719103e+46 1.5850855847671347e+45
7.259701398650945 4.338933075035343e+46 1.6192754827537204e+45
7.2610523449472515 4.604828695232496e+46 1.6681534151348927e+45
7.262403291243559 4.37776312446255e+46 1.898000965157514e+45
7.289422217156426 2.9345705841598395e+46 2.1633941324230174e+45
7.290773163452733 3.402255322068104e+46 1.433879664197372e+45
7.29212410974904 2.941891329828664e+46 1.931446266443226e+45
7.319143035661908 3.1146851604318744e+46 1.792299930861436e+45
7.320493981958214 3.220962853751864e+46 1.3951538352557583e+45
7.321844928254522 3.204560149165089e+46 2.6612423213159667e+45
7.348863854167389 2.8292513228037975e+46 1.4041338328360005e+45
7.350214800460378 2.637258239162532e+46 1.267385421366436e+45
7.378584672669553 2.922165925858697e+46 1.3393725924088396e+45
7.37993561896586 2.923743087712783e+46 1.4404247383556397e+45
7.406954544878728 2.752801758375276e+46 2.5025470949821224e+45
7.408305491175034 3.003411891772376e+46 1.3472143713480404e+45
7.409656437471341 2.9053960405830206e+46 1.6555029938174028e+45
7.4663961818896905 3.022288778238759e+46 1.5524453930720733e+45
7.467747128185997 3.3659968284048557e+46 1.4262186170889714e+45
7.4961170003918545 3.366690248490375e+46 1.4610191765803913e+45
7.497467946688161 3.770492001238038e+46 1.5367377453004083e+45
7.5550573096748295 2.4297679500385247e+46 1.139092742305216e+45
7.556408255971136 2.2871423284097063e+46 1.1493322806365422e+45
7.583427181884004 3.0567014561281625e+46 2.4241218161045184e+45
7.584778128180311 2.8596499300118837e+46 1.226064749568977e+45
7.586129074476617 2.938282718333125e+46 1.5296090183931892e+45
7.613148000389486 2.9605788152399434e+46 1.822110234989641e+45
7.614498946685792 2.44436988502854e+46 1.1335493586882883e+45
7.615849892982099 2.3923868873770965e+46 1.6588218534615514e+45
7.702310455902612 2.7440023225481677e+46 1.2010171539780708e+45
7.703661402198919 2.742217146079085e+46 1.3193497651899989e+45
7.790121965119432 2.717951708200442e+46 1.3423007449725276e+45
7.791472911415739 2.560017492492256e+46 1.1600546893104222e+45
7.819842783624913 3.3775917391070964e+46 1.3403563295752791e+45
7.82119372992122 3.375324654827703e+46 1.3643940684198804e+45
7.848212655834088 3.075926112643439e+46 2.4317330398262705e+45
7.849563602130394 2.996324375196275e+46 1.255022131083449e+45
7.850914548426702 3.018964416958387e+46 1.466138739830489e+45
7.877933474339569 3.204632715909568e+46 1.9117233906262338e+45
7.879284420635876 3.1908226241125245e+46 1.295114907762868e+45
7.880635366928866 3.1474220452173253e+46 1.870948318954896e+45
7.90765429284505 3.309526592295954e+46 1.609146767498863e+45
7.90900523913804 2.954270699754924e+46 1.2461838792777737e+45
7.910356185434347 3.1400076593395314e+46 2.474672806409514e+45
7.937375111347214 2.799573159140216e+46 1.2968772441439043e+45
7.938726057643521 2.7440023225481677e+46 1.2010171539780708e+45
7.967095929852696 2.9910676657661066e+46 1.2539208337739363e+45
7.968446876149002 2.8314871990760966e+46 1.3130707462526145e+45
7.9954658020618705 2.533957573666169e+46 1.9046391533082328e+45
7.996816748358177 2.775542579129181e+46 1.207899861107423e+45
7.998167694654484 2.495694510624887e+46 1.4266935668766834e+45
8.024157579442006 2.9147469908435213e+46 1.2601550577915962e+45
8.025508525738314 2.5442744761194854e+46 1.1773498683600546e+45
8.02685947203462 2.5824113526351947e+46 1.1861408476895071e+45
8.053878397947487 2.5425870669757303e+46 1.7715042268768518e+45
8.055229344243795 2.8221288621625124e+46 1.239972217059393e+45
8.0565802905401 2.5744207246473276e+46 1.2231442637672167e+45
8.083599216452969 2.7743619986918034e+46 1.4462362251364973e+45
8.084950162745958 2.773095735213743e+46 1.2291530297988754e+45
8.086301109042266 2.9378147334213966e+46 1.4763072809571504e+45
8.113320034955134 2.7188213149505843e+46 1.264910092463059e+45
8.11467098125144 2.576963227418665e+46 1.1848889867946644e+45
8.116021927547747 2.570864512786477e+46 1.6358019655192302e+45
8.141689907164308 2.4020178547696934e+46 2.490776506807291e+45
8.143040853460615 2.587859477851725e+46 1.1873913576927061e+45
8.14439179975692 2.751303234347623e+46 1.224313824186529e+45
8.145742746053228 2.9056666713069136e+46 2.1964776960012386e+45
8.171410725669789 2.6821538760161643e+46 1.89656915177216e+45
8.172761671966096 2.6259963543674344e+46 1.1961085575554584e+45
8.174112618262402 2.5115857248203054e+46 1.169762117826268e+45
8.229501416384444 2.773095735213743e+46 1.2291530297988754e+45
8.25787128859362 2.711231548470806e+46 1.8799008115234367e+45
8.25922223488661 2.668637643980258e+46 1.210518622634702e+45
8.260573181182915 2.566066976985605e+46 1.1823812123300472e+45
8.261924127479222 2.576963227418665e+46 1.1848889867946644e+45
8.26327507377553 3.0937427107337007e+46 1.9805657237187985e+45
8.287592107095783 2.5001649127704804e+46 1.6071668036012032e+45
8.28894305339209 2.5115857248203054e+46 1.169762117826268e+45
8.290293999688396 2.555170726552545e+46 1.1798682421283386e+45
8.291644945984704 2.53685296838968e+46 1.18025075229302e+45
8.292995892281011 3.1741903448514164e+46 2.762778123629097e+45
8.345682797810438 2.8292891697972495e+46 2.374286834237393e+45
8.347033744106746 2.4826016587651053e+46 1.1768660413220877e+45
8.348384690403053 2.556986823712584e+46 1.1896178349511858e+45
8.349735636696042 2.3100050918086975e+46 1.121837678041046e+45
8.35108658299235 2.3967519544444393e+46 1.2738593339443209e+45
8.37540361631592 3.089131888940951e+46 1.8869875890868546e+45
8.376754562612227 2.56430807449947e+46 1.1866203103083173e+45
8.378105508905216 2.642340730017024e+46 1.1998250682970585e+45
8.379456455201524 2.9746763682253507e+46 1.27304391496517e+45
8.380807401497831 2.92891198339563e+46 1.708176297080478e+45
8.434845253323566 2.831198208302383e+46 1.5376958499267248e+45
8.436196199619873 2.6259963543674344e+46 1.1961085575554584e+45
8.437547145916179 2.996468869091471e+46 1.2776985679960237e+45
8.438898092212487 2.729510733481503e+46 1.2194554982616857e+45
8.49561672809335 2.8375771226148604e+46 1.2858290108251706e+45
8.496967674389655 2.800568935728304e+46 1.2316888452110687e+45
8.498318620685962 2.7259387565077397e+46 1.4697276356318084e+45
8.523986600302523 2.5423605073965397e+46 2.048692432843895e+45
8.52533754659883 2.7063837712709143e+46 1.230174375737475e+45
8.526688492895136 2.7680671685825207e+46 1.2245207903148e+45
8.528039439188126 2.7509354998159813e+46 1.7611060657093972e+45
8.552356472511697 2.429761675453253e+46 1.6970192514240672e+45
8.553707418808004 2.6813957895270993e+46 1.2051978212227348e+45
8.555058365100994 2.8717571426296216e+46 1.2521456516617924e+45
8.556409311397301 2.83848766406505e+46 1.2399991064131486e+45
8.557760257693607 3.0886528109409327e+46 2.5474777569591094e+45
8.582077291017178 2.9016069660673523e+46 1.4787958548130315e+45
8.583428237310168 3.322633860508607e+46 1.3575913894933496e+45
8.584779183606475 3.046464721040531e+46 1.2896714940918474e+45
8.586130129902783 3.396434666734326e+46 1.3564053753654071e+45
8.641518928024825 3.3801837831614346e+46 1.3531564674245453e+45
8.64286987432113 3.483106045789747e+46 1.3736029418417472e+45
8.644220820617438 3.428936433880109e+46 1.3628798408513719e+45
8.645571766910427 3.6673478594218377e+46 1.750329754746386e+45
8.698258672443174 3.586401914750201e+46 2.3909346373855565e+45
8.69960961873948 3.6594581533122204e+46 1.4190770110192859e+45
8.700960565032469 3.492068630260246e+46 2.0981806003649038e+45
8.729330437241645 2.5118347209976923e+46 1.2818153257630411e+45
8.73068138353795 2.817161024376212e+46 1.240186012899554e+45
8.732032329834258 2.979328655030111e+46 1.270389956454204e+45
8.733383276130565 2.510674061680012e+46 1.1848604530795208e+45
8.759051255747126 2.590113347895398e+46 1.2182868545692174e+45
8.760402202043432 2.5423605073965397e+46 1.1828130573168838e+45
8.76175314833974 2.9684947326481827e+46 1.2680780606334146e+45
8.763104094636047 2.582453260898764e+46 1.3517178350769999e+45
8.788772074252607 2.9991049937531023e+46 1.2846754392824858e+45
8.790123020548913 2.8899706166340044e+46 1.266119003757387e+45
8.791473966841902 2.908908159547581e+46 1.2552864865320183e+45
8.79282491313821 3.188414959124468e+46 1.8658786715570235e+45
8.817141946461781 2.5601392094303345e+46 1.8476213484023747e+45
8.818492892758089 3.17700343474055e+46 1.343729210078447e+45
8.819843839051078 3.021116688592556e+46 1.2893811639498909e+45
8.821194785347384 2.979328655030111e+46 1.270389956454204e+45
8.822545731643691 3.0508326088758474e+46 2.3750700065538357e+45
8.876583583469426 3.1009094130106483e+46 1.41096254185244e+45
8.877934529765733 2.679934096080734e+46 1.2143940542992905e+45
8.87928547606204 2.995579538603002e+46 1.2738499478399116e+45
8.880636422358346 2.6935895728330034e+46 1.239825114968645e+45
8.906304401974907 2.7680671685825207e+46 1.2245207903148e+45
8.907655348271215 2.58389048808975e+46 1.1830822067901212e+45
8.936362957053637 2.8404884120639855e+46 1.2212214371686507e+45
8.937713903349943 2.73494642997612e+46 1.1936284568838334e+45
8.93906484964625 2.7505746952902696e+46 1.1970339844143583e+45
8.94041579593924 2.9053689876339195e+46 2.630397311087648e+45
8.966083775559119 2.406752858378986e+46 1.11972272661265e+45
8.967434721852108 2.365077484207921e+46 1.1099858629601362e+45
8.968785668148413 2.3546586406651543e+46 1.107538282880209e+45
9.113336921783583 2.8918322492003953e+46 1.4247034459496248e+45
9.11468786807989 2.729737008204737e+46 1.1924911613211798e+45
9.116038814376196 2.819798257430963e+46 1.2623151074132782e+45
9.141706793992757 2.457206254495452e+46 1.1358440849688423e+45
9.143057740289064 2.1671194568953636e+46 1.0625177335571583e+45
9.144408686585372 2.1514911915812145e+46 1.0586795845973313e+45
9.145759632881678 2.29758154616359e+46 1.2904503052313297e+45
9.175480451387159 2.0986297415227579e+46 1.4729492804346304e+45
9.199797484707414 1.9899991166683388e+46 1.4399128613847935e+45
9.20114843100372 2.0473027561535527e+46 1.0327276643782824e+45
9.202499377300027 1.9431143207258907e+46 1.0061064428391189e+45
9.203850323593016 2.2087948310664285e+46 1.0726856288496155e+45
9.205201269889324 2.183789670155364e+46 1.9079858978586217e+45
9.229518303212895 2.082306420300879e+46 1.2743509058406579e+45
9.230869249509201 2.1254440827242987e+46 1.0522515694099516e+45
9.23222019580219 2.198375987523662e+46 1.0701526969534802e+45
9.233571142098498 1.9899991166683388e+46 1.0181721491788138e+45
9.259239121718377 1.807395116005513e+46 1.0281912004425398e+45
9.260590068011366 1.765993980498866e+46 9.591562866816516e+44
9.261941014307672 1.7451562934133336e+46 9.534807386702267e+44
9.26329196060398 1.804974820685459e+46 1.01860626103564e+45
9.28895994022054 1.6163130866493186e+46 9.96661404895806e+44
9.290310886516847 1.6878526539281196e+46 9.376959188489554e+44
9.291661832813153 1.5940830620432242e+46 9.112766005583776e+44
9.29301277910946 1.5295097927563735e+46 1.0735053639878202e+45
9.347050630935197 1.8275423575724567e+46 1.3436359133400746e+45
9.348401577231503 2.0164212568350289e+46 1.0371352560141158e+45
9.34975252352781 1.8858106812406767e+46 9.91160137542855e+44
9.3511034698208 1.8806012594692938e+46 9.897901365627863e+44
9.352454416117107 2.182274123959484e+46 2.3003188852265516e+45
9.377156680220782 1.8856338471533856e+46 1.0348760051535404e+45
9.378507626513771 1.9441605970827067e+46 1.0467008384616666e+45
9.379858572810077 2.4062509418965673e+46 1.1644664616725759e+45
9.381209519106385 2.0983615396508718e+46 1.2723185290001202e+45
9.406877498722945 2.626314534617474e+46 1.3939030526104088e+45
9.408228445019253 2.578547517753734e+46 1.2101723471589278e+45
9.409579391315559 2.4513329267564564e+46 1.1753241554987539e+45
9.410930337611866 2.051731271749244e+46 1.4807094640162057e+45
9.435247370932121 2.5245911521537754e+46 1.590342968304609e+45
9.436598317228427 3.0430339780424976e+46 1.309513307587377e+45
9.437949263524734 2.54713214458372e+46 1.1980702055752488e+45
9.43930020982104 2.688013347270873e+46 1.2307567899758698e+45
9.440651156114031 2.6419129316464413e+46 2.142874333152614e+45
9.469021028323205 2.6365187912613277e+46 1.6196006036328688e+45
9.471722920915818 2.9721520910957773e+46 2.2728614049959866e+45
9.473073867212126 2.516917666724209e+46 1.3897353671900336e+45
9.58385146345621 2.717986373459763e+46 1.6856236196565886e+45
9.612221335665383 1.8091278904172638e+46 1.1877506832745335e+45
9.613572281961691 2.0819681062449235e+46 1.3063428571207152e+45
9.645994993056469 2.0682511061366073e+46 1.2338151348102053e+45
9.670312026376722 1.9898255742242233e+46 1.573095253435833e+45
9.67166297267303 2.0333040723484493e+46 1.0746344879999022e+45
9.673013918969335 2.397874254272436e+46 2.16209029187485e+45
9.700032844882204 2.1898816973154626e+46 1.507576766499495e+45
9.708138522656727 2.530503622549753e+46 1.7298165627837608e+45
9.729753663387685 1.9624878795172401e+46 1.129284855178772e+45
9.731104609683992 2.231558250564498e+46 1.1214001640277088e+45
9.732455555976982 2.2879107316393593e+46 1.135470979400159e+45
9.73380650227329 2.0343245668024845e+46 1.0706971404223602e+45
9.76352732077877 2.069217600715589e+46 1.2278546191432314e+45
9.795950031873547 2.833724787189317e+46 1.7088003574308125e+45
9.797300978169854 2.579235930173603e+46 2.374379235387527e+45
9.817565172604505 1.9912268193896225e+46 2.011442893632155e+45
9.818916118900813 2.7489362126750964e+46 1.2495164798493761e+45
9.820267065197118 2.710554339700817e+46 1.2359064476464204e+45
9.821618011493426 2.2540992429944425e+46 1.1270496214972213e+45
9.822968957786415 2.4976765137927524e+46 1.639804983634944e+45
10.760288215951196 1.1782539743462424e+46 6.227265137933759e+44
10.761639162244185 1.182110827451484e+46 6.213036875774158e+44
10.762990108540492 1.0841458417510848e+46 5.950023301608856e+44
10.764341054836798 9.042921373670942e+45 6.028614456728829e+44
10.767042947429413 1.2104512535362903e+46 6.76662801210481e+44
10.796763765931576 1.2421061098166226e+46 6.4837413351236106e+44
10.848099725168016 1.0692612508603811e+46 7.208957302397974e+44
10.849450671464322 1.1887173650918876e+46 7.578984922393772e+44
10.884575275151713 1.4268352424593012e+46 7.902509095636714e+44
10.885926221444702 1.0793509348429481e+46 1.0687166355376551e+45
10.972386784368533 1.6132713679405846e+46 1.0876673054933559e+45
10.97373773066484 1.6768822383247214e+46 9.107574512217302e+44
11.002107602874014 1.3223492232258908e+46 8.185136046417574e+44
11.003458549170322 1.410695794085749e+46 1.0261301962220011e+45
11.03182842137618 1.1342648017815897e+46 6.463073482591564e+44
11.033179367672485 1.383146829097574e+46 1.4499319148997296e+45
11.06154923988166 1.28334131267523e+46 6.47360080210748e+44
11.087217219501538 1.425494382593376e+46 8.299548863312418e+44
11.088568165794527 1.502129780739455e+46 9.904750208100816e+44
11.089919112090834 1.2674351569769754e+46 1.0673729105865464e+45
11.091270058387142 1.3044329237628222e+46 7.258059256843438e+44
11.112885199118098 1.1279840367834537e+46 8.036553351640665e+44
11.114236145414406 1.2180313222082972e+46 6.3067270298117046e+44
11.115587091707395 9.894463555740322e+45 5.684220629301781e+44
11.116938038003703 1.0482253469942719e+46 5.850623531076079e+44
11.118288984300008 1.1920283073576246e+46 1.3584422708521092e+45
11.146658856509184 8.989971609823902e+45 5.461019282296422e+44
11.149360749101797 1.179690702453789e+46 7.075314781164331e+44
11.150711695394786 1.1119949680113643e+46 9.364687256593597e+44
11.172326836125745 1.0018344856322361e+46 5.764909525051833e+44
11.17367778242205 9.927118550973789e+45 5.693593194919786e+44
11.175028728718358 9.241363651070994e+45 5.493420281499917e+44
11.176379675014665 9.248147176234391e+45 6.1113475284729205e+44
11.208622963555735 1.0575065013440814e+46 5.589095253275376e+44
11.259958922788856 1.271545991596001e+46 8.439546824846472e+44
11.261309869085162 1.240650085375738e+46 6.053752743351931e+44
11.26266081538147 1.0161514984982234e+46 5.4787218236022685e+44
11.264011761677777 1.0220593560476318e+46 5.494625400934493e+44
11.265362707974083 1.0655626461441602e+46 1.104937079771737e+45
11.326155291278035 9.235079517459921e+45 5.558863976522083e+44
11.327506237574342 8.095849937066745e+45 8.48675724236867e+44
11.351823270894597 1.1866613758019843e+46 1.1749697251708249e+45
11.353174217190903 1.3393041668280853e+46 7.810981129493546e+44
11.377491250511158 5.109498530747802e+45 5.899940974317226e+44
11.378842196807463 5.907857549408276e+45 4.177486134403251e+44
11.38019314310377 6.794036181819517e+45 4.479854680239069e+44
11.381544089400078 7.325743361266262e+45 4.6518515845613916e+44
11.382895035696384 1.1409420080971625e+46 8.699601048636658e+44
11.413966800494855 1.0773342794811717e+46 7.469968924676515e+44
11.415317746791162 1.2408458841214244e+46 7.200118566012791e+44
11.440985726407723 7.469837535785246e+45 4.7919027335878225e+44
11.469355598616897 8.560819672956088e+45 7.814923923066044e+44
11.470706544913204 8.770427999605696e+45 5.846951586564516e+44
11.496374524529765 7.111935097433627e+45 4.619698210026936e+44
11.497725470826072 6.64633974308431e+45 4.430893162056207e+44
11.499076417122378 7.827911252965965e+45 4.808647492801119e+44
11.500427363418686 7.668565149449417e+45 6.390471145680247e+44
11.524744396738939 6.575702100294804e+45 7.351858649999473e+44
11.526095343035246 7.287627962252697e+45 4.713974810267881e+44
11.527446289331554 7.384821936760345e+45 4.670571402772744e+44
11.52879723562786 7.532518375495553e+45 4.717045997430454e+44
11.530148181924167 8.066195261476943e+45 8.232525935350673e+44
11.61660874484468 6.81266455741915e+45 6.812664444735709e+44
11.617959691140987 8.188500064531885e+45 6.053113264828813e+44
