#MJD, 3-sigma limit in g
#combined all 27 freames: g > 22.013 mag
59939.609433 20.40
59939.613229 20.80
59939.617454 20.75
59939.642245 20.37
59939.645949 20.55
59939.649641 20.94
59939.653345 20.69
59939.675405 21.06
59939.682766 19.61
59939.686458 19.36
59939.693808 19.71
59939.697500 19.72
59939.701192 20.18
59939.704884 20.58
59939.708588 20.16
59939.712280 19.74
59939.719653 20.32
59939.723333 20.15
59939.657025 20.91
59939.660706 21.07
59939.664375 20.88
59939.668056 20.77
59939.671725 20.87
59939.679097 20.49
59939.690139 18.72
59939.715972 20.12
59939.727037 19.31
