59939.609433 -0.69 3.93 g
59939.613229 -5.29 3.04 g
59939.617454 4.41 3.61 g
59939.642245 4.30 3.69 g
59939.645949 7.35 3.43 g
59939.649641 0.07 3.27 g
59939.653345 4.62 3.09 g
59939.675405 1.16 3.18 g
59939.682766 -2.63 4.75 g
59939.686458 3.44 6.45 g
59939.693808 0.51 5.85 g
59939.697500 15.69 5.07 g
59939.701192 0.29 5.48 g
59939.704884 -4.64 4.00 g
59939.708588 4.66 4.96 g
59939.712280 0.78 6.10 g
59939.719653 5.19 5.25 g
59939.723333 10.67 5.20 g
59939.657025 -0.08 3.34 g
59939.660706 4.89 3.14 g
59939.664375 8.43 3.00 g
59939.668056 -2.11 3.43 g
59939.671725 -2.29 3.26 g
59939.679097 9.73 4.28 g
59939.690139 -9.84 3.48 g
59939.715972 9.43 5.55 g
59939.727037 13.71 7.29 g
59939.604861 -2.89 5.35 r
59939.615995 -25.28 17.63 r
59939.619850 -3.80 15.96 r
59939.623692 -4.74 16.28 r
59939.627546 11.55 20.97 r
59939.631389 -0.64 20.10 r
59939.635255 -16.91 12.81 r
59939.639120 -6.11 11.74 r
59939.642975 -10.54 19.69 r
59939.646817 -11.39 15.97 r
59939.650671 -11.84 17.80 r
59939.654514 -11.39 14.68 r
59939.658368 -2.53 8.92 r
59939.669907 -9.82 14.85 r
59939.677604 -5.08 9.00 r
59939.681447 -13.28 12.26 r
59939.685301 -2.93 7.43 r
59939.689144 5.05 2.33 r
59939.692986 -26.32 21.74 r
59939.696840 10.41 13.57 r
59939.700694 11.31 9.30 r
59939.704549 -2.90 7.49 r
59939.708391 -13.50 16.82 r
59939.712245 -2.54 8.60 r
59939.716100 -7.12 10.51 r
59939.719954 -9.94 9.07 r
59939.723796 -18.31 15.34 r
59939.727650 21.34 18.78 r
