###MJD          m      dm   uJy   duJy F err chi/N     RA       Dec        x        y     maj  min   phi  apfit mag5sig Sky   Obs
57671.613757  16.345  0.025  1052   26 o  0   0.92  74.64332  -8.30110  3233.57  1854.62 3.63 3.54 -55.6 -0.441 19.24 20.73 02a57671o0793o
57671.628768  16.380  0.024  1018   24 o  0   1.47  74.64332  -8.30110  3214.41  1815.33 3.60 3.50 -61.8 -0.446 19.25 20.74 02a57671o0822o
57676.549695  16.371  0.039  1027   40 o  0   1.42  74.64332  -8.30110  7145.86  6456.13 3.44 3.19 -67.4 -0.465 18.35 19.03 02a57676o0726o
57676.561294  16.222  0.038  1178   45 o  0   1.07  74.64332  -8.30110  7163.76  6496.97 3.46 3.28 -66.9 -0.475 18.38 19.07 02a57676o0747o
57676.577529  16.376  0.042  1023   43 o  0   1.22  74.64332  -8.30110  3402.84  4027.45 3.78 3.73  54.3 -0.419 18.29 19.13 02a57676o0778o
57676.594171  16.360  0.059  1037   62 o  0   1.38  74.64332  -8.30110  3423.14  3912.54 3.80 3.60   5.2 -0.433 17.70 18.42 02a57676o0809o
57676.612812  16.375  0.262  1023  268 o  0   0.06  74.64332  -8.30110  3390.84  3968.76 3.51 3.44  86.8 -0.464 17.87 18.41 02a57676o0843o
57680.585813  17.560  0.114   344   39 o  0   0.94  74.64332  -8.30110  3690.69  4823.24 3.46 3.42  79.9 -0.449 18.42 19.21 02a57680o0775o
57680.594824  17.291  0.093   440   41 o  0   1.02  74.64332  -8.30110  3676.28  4784.97 3.57 3.48  85.2 -0.434 18.39 19.19 02a57680o0791o
57680.612080  17.370  0.098   409   40 o  0   1.11  74.64332  -8.30110  3737.04  4862.83 3.63 3.52  85.2 -0.431 18.37 19.19 02a57680o0825o
57680.620027  17.376  0.105   407   43 o  0   0.93  74.64332  -8.30110  3751.83  4743.56 3.46 3.39 -85.3 -0.446 18.40 19.17 02a57680o0841o
57680.640001  17.360  0.098   413   40 o  0   1.16  74.64332  -8.30110  3719.33  4801.70 3.62 3.51  86.6 -0.428 18.29 19.03 02a57680o0878o
57688.573522  18.627  0.149   129   19 c  0   0.89  74.64332  -8.30110  4672.57  1821.76 3.92 3.78 -83.6 -0.382 19.39 21.08 02a57688o0721c
57688.591463  18.848  0.174   105   18 c  0   1.09  74.64332  -8.30110  4656.49  1782.75 3.90 3.74 -81.3 -0.390 19.37 21.04 02a57688o0757c
57688.603575  18.884  0.200   102   20 c  0   1.02  74.64332  -8.30110  4715.50  1861.43 3.92 3.74 -82.4 -0.388 19.26 20.90 02a57688o0781c
57688.639896  19.059  0.291    86   25 c  0   0.86  74.64332  -8.30110  4702.13  1800.80 3.85 3.69 -81.3 -0.393 19.08 20.54 02a57688o0845c
57696.543968  21.197  1.270    12   15 c  0   0.92  74.64332  -8.30110  2961.03  2744.47 3.85 3.71  76.8 -0.384 19.65 21.53 02a57696o0708c
57696.560893  20.131  0.443    32   14 c  0   1.15  74.64332  -8.30110  2942.35  2703.94 3.90 3.73  78.7 -0.379 19.65 21.55 02a57696o0740c
57696.578468  21.153  1.342    13   17 c  0   0.74  74.64332  -8.30110  3001.05  2780.02 3.86 3.72  82.8 -0.381 19.62 21.50 02a57696o0774c
57696.592991  19.758  0.346    45   16 c  0   0.88  74.64332  -8.30110  3022.77  2663.93 3.90 3.79  87.0 -0.376 19.61 21.51 02a57696o0801c
57696.609373  19.739  0.326    46   15 c  0   1.30  74.64332  -8.30110  2984.87  2720.55 3.92 3.82 -89.2 -0.375 19.59 21.50 02a57696o0831c
57699.513979  18.686  0.333   122   41 c  0   1.11  74.64332  -8.30110  3294.52  5243.87 3.81 3.65  58.8 -0.398 18.32 20.00 02a57699o0639c
57699.529893  19.497  0.316    58   18 c  0   1.01  74.64332  -8.30110  3274.99  5205.29 3.98 3.77  62.7 -0.377 19.38 21.18 02a57699o0670c
57699.544849  19.792  0.624    44   27 c  0   0.77  74.64332  -8.30110  3332.67  5281.74 3.72 3.56  70.3 -0.401 19.04 20.74 02a57699o0699c
57699.559811  20.231  0.667    29   20 c  0   1.12  74.64332  -8.30110  3354.10  5166.01 3.77 3.63  62.5 -0.390 19.26 20.96 02a57699o0728c
57699.574644 -21.795  2.500    -7   17 c  0   1.47  74.64332  -8.30110  3316.65  5223.77 3.77 3.59  68.1 -0.395 19.29 21.02 02a57699o0757c
57700.529217  19.448  0.667    60   40 o  0   1.05  74.64332  -8.30110  2808.53  2313.19 3.69 3.62  84.8 -0.418 18.55 19.93 02a57700o0430o
57700.547728  21.899  9.000     6   57 o  0   0.78  74.64332  -8.30110  2789.62  2272.83 3.73 3.64  87.9 -0.418 18.11 19.47 02a57700o0466o
57700.560776  20.094  0.971    33   32 o  0   1.02  74.64332  -8.30110  2851.06  2351.03 3.65 3.54 -88.8 -0.426 18.82 20.21 02a57700o0490o
57700.577761  19.775  0.615    45   28 o  0   0.82  74.64332  -8.30110  2872.56  2233.41 3.71 3.62 -86.4 -0.425 18.95 20.34 02a57700o0521o
57700.594159  22.569  8.375     3   28 o  0   1.00  74.64332  -8.30110  2835.36  2289.90 3.64 3.54 -86.0 -0.430 18.92 20.26 02a57700o0551o
57704.490187 -20.958  2.093   -15   31 o  0   1.36  74.64332  -8.30110  2057.03  2906.30 3.71 3.63  69.6 -0.417 18.64 19.56 02a57704o0385o
57704.496364  21.168  2.543    12   32 o  0   1.20  74.64332  -8.30110  2038.80  2869.76 3.74 3.64  77.4 -0.419 18.63 19.57 02a57704o0397o
57704.518569  19.832  0.725    42   31 o  0   1.40  74.64332  -8.30110  2093.27  2947.02 3.76 3.61  76.0 -0.415 18.64 19.57 02a57704o0439o
57704.528157 -22.258  7.769    -4   35 o  0   0.97  74.64332  -8.30110  2113.02  2829.41 3.72 3.56  77.4 -0.420 18.67 19.56 02a57704o0457o
57704.548800 -19.476  0.609   -59   36 o  0   0.83  74.64332  -8.30110  2074.61  2887.51 3.70 3.58  79.9 -0.414 18.65 19.54 02a57704o0496o
57712.527963  20.035  1.029    35   36 o  0   1.25  74.64332  -8.30110  3605.87  5339.37 3.97 3.90  67.6 -0.383 18.32 19.55 02a57712o0226o
57712.540809 -21.505  8.429    -9   76 o  0   0.99  74.64332  -8.30110  3662.17  5415.15 3.79 3.65  82.5 -0.403 17.74 18.82 02a57712o0251o
57712.558270  19.035  0.440    88   39 o  0   1.11  74.64332  -8.30110  3684.90  5298.22 4.01 3.85  82.4 -0.387 18.36 19.51 02a57712o0285o
57712.571932 -19.082  1.048   -84   89 o  0   1.38  74.64332  -8.30110  3649.76  5356.79 3.75 3.69 -89.7 -0.405 17.24 18.41 02a57712o0311o
57716.503463  19.169  0.683    78   53 c  0   1.08  74.64332  -8.30110  1087.39  3670.75 4.38 4.21  69.9 -0.367 18.19 20.16 02a57716o0620c
57716.521984  20.147  1.024    32   32 c  0   0.85  74.64332  -8.30110  1070.54  3630.81 4.54 4.41  55.4 -0.355 18.84 20.88 02a57716o0656c
57716.527616  20.978  2.600    15   38 c  0   1.03  74.64332  -8.30110  1129.64  3709.50 4.47 4.24  11.6 -0.357 18.47 20.42 02a57716o0667c
57716.544612  20.622  2.050    20   42 c  0   0.99  74.64332  -8.30110  1151.93  3591.39 4.41 4.22   8.3 -0.367 18.38 20.25 02a57716o0700c
57716.561103  19.895  0.880    40   35 c  0   0.90  74.64332  -8.30110  1116.38  3647.46 4.80 4.49   5.9 -0.347 18.67 20.60 02a57716o0730c
57736.442592  20.712  3.148    19   59 o  0   1.31  74.64332  -8.30110  2903.59  2101.47 3.64 3.59 -76.3 -0.434 18.09 18.48 02a57736o0488o
57736.457497  19.724  1.279    47   60 o  0   1.07  74.64332  -8.30110  2882.71  2063.56 3.61 3.57 -76.1 -0.434 18.09 18.46 02a57736o0514o
57736.472675  20.147  1.859    32   59 o  0   1.36  74.64332  -8.30110  2939.75  2143.40 3.65 3.55 -81.2 -0.435 18.05 18.43 02a57736o0539o
57736.487449  19.481  1.030    59   60 o  0   1.06  74.64332  -8.30110  2959.38  2024.86 3.65 3.57 -70.8 -0.437 18.04 18.40 02a57736o0564o
57736.500372  21.151  4.944    13   62 o  0   1.03  74.64332  -8.30110  2920.49  2081.27 3.64 3.53 -80.2 -0.433 18.03 18.36 02a57736o0587o
57743.457100 -21.492  2.619    -9   24 o  0   0.87  74.64332  -8.30110  1970.80  2426.46 4.20 4.05  88.8 -0.396 19.18 20.85 02a57743o0532o
57743.470062 -20.510  1.051   -23   24 o  0   0.73  74.64332  -8.30110  1952.63  2387.10 3.89 3.73  87.0 -0.415 19.21 20.74 02a57743o0557o
57743.483005  19.708  0.531    48   25 o  0   1.02  74.64332  -8.30110  2011.19  2464.76 4.42 4.27  87.1 -0.385 19.02 20.74 02a57743o0582o
57743.495389 -21.770  3.688    -7   26 o  0   0.76  74.64332  -8.30110  2033.45  2345.71 4.22 4.08  -1.8 -0.389 19.04 20.64 02a57743o0606o
57743.507791 -19.654  0.528   -50   26 o  0   0.91  74.64332  -8.30110  1997.65  2402.06 4.43 4.03   0.4 -0.380 18.96 20.55 02a57743o0630o
57752.412028  17.760  0.825   286  236 c  0   0.96  74.64332  -8.30110  1600.17  3410.73 3.89 3.77  87.0 -0.396 16.63 18.33 02a57752o0393c
57752.428473 -19.107  0.657   -83   54 c  0   1.26  74.64332  -8.30110  1583.89  3371.97 3.88 3.78 -85.4 -0.392 18.16 19.94 02a57752o0426c
57752.440496 -17.814  1.235  -272  336 c  0   1.09  74.64332  -8.30110  1645.16  3449.20 3.88 3.81 -84.8 -0.388 15.96 17.66 02a57752o0450c
57752.453979 -17.760  0.885  -286  253 c  0   1.07  74.64332  -8.30110  1667.32  3331.72 3.89 3.80 -82.1 -0.393 16.41 18.11 02a57752o0476c
57756.406494  23.017  6.286     2   14 c  0   0.94  74.64332  -8.30110  3860.86  2033.09 3.79 3.65  86.6 -0.393 19.81 21.83 02a57756o0400c
57756.436727 -20.582  0.723   -21   15 c  0   0.74  74.64332  -8.30110  3942.52  1992.46 3.80 3.66 -86.3 -0.392 19.79 21.79 02a57756o0452c
57756.452025  21.381  1.533    10   16 c  0   0.78  74.64332  -8.30110  3906.40  2048.42 3.87 3.73 -88.2 -0.385 19.74 21.76 02a57756o0480c
57764.387550 -19.053  1.668   -87  145 o  0   0.98  74.64332  -8.30110  2918.42  4935.09 3.61 3.54  34.6 -0.430 17.28 17.18 02a57764o0383o
57764.403036  19.298  1.391    69   96 o  0   1.22  74.64332  -8.30110  2899.11  4894.49 4.08 3.57   2.9 -0.444 17.46 17.60 02a57764o0412o
57764.419382 -18.385  2.231  -161  358 o  0   1.26  74.64332  -8.30110  2959.78  4969.82 5.73 3.69   0.6 -0.424 16.38 16.36 02a57764o0441o
57764.436478 -19.169  4.244   -78  331 o  0   1.20  74.64332  -8.30110  2982.11  4850.35 5.55 3.78   1.5 -0.386 16.42 16.38 02a57764o0470o
57768.375311  19.856  1.597    42   66 o  0   1.08  74.64332  -8.30110  3771.70  3023.51 3.53 3.44 -73.7 -0.461 17.87 18.37 02a57768o0362o
57768.392282 -15.866  0.964 -1636 1577 o  0   1.33  74.64332  -8.30110  3755.47  2984.52 3.58 3.49 -83.0 -0.431 14.63 14.43 02a57768o0393o
57768.409712  15.674  0.914  1951 1783 o  0   1.03  74.64332  -8.30110  3813.95  3060.64 3.58 3.48 -83.4 -0.417 14.76 14.53 02a57768o0424o
57768.427118 -19.351  2.584   -66  171 o  0   0.95  74.64332  -8.30110  3834.81  2942.03 3.66 3.57 -86.2 -0.426 16.91 17.12 02a57768o0455o
57768.444538 -19.002  0.780   -91   71 o  0   1.13  74.64332  -8.30110  3798.42  2997.42 3.61 3.55 -79.8 -0.428 17.92 18.49 02a57768o0486o
57776.371602  20.299  1.750    28   48 c  0   1.16  74.64332  -8.30110  2439.46  2832.45 4.03 3.84  78.1 -0.372 17.81 19.83 02a57776o0313c
57776.388257  21.276  1.313    11   15 c  0   0.96  74.64332  -8.30110  2420.63  2792.51 3.96 3.79  81.1 -0.373 19.76 21.85 02a57776o0345c
57776.405355 -18.145  1.222  -200  245 c  0   1.00  74.64332  -8.30110  2481.83  2869.28 4.03 3.88  80.2 -0.370 16.34 18.18 02a57776o0378c
57776.422078  14.412  1.042  6240 6500 c  0   0.93  74.64332  -8.30110  2503.35  2750.99 3.96 3.84  83.7 -0.396 15.00 16.63 02a57776o0410c
57776.437574 -20.429  0.692   -24   17 c  0   1.06  74.64332  -8.30110  2466.92  2807.24 3.94 3.92  80.0 -0.367 19.64 21.67 02a57776o0439c
57780.360677  25.124 46.000     0   15 c  0   0.85  74.64332  -8.30110  2284.71  4360.85 3.86 3.64  70.2 -0.393 19.78 21.80 02a57780o0288c
57780.377541 -22.019  2.353    -6   13 c  0   1.32  74.64332  -8.30110  2270.08  4320.43 3.91 3.67  71.5 -0.395 19.76 21.77 02a57780o0320c
57780.394917 -20.968  0.978   -15   15 c  0   0.93  74.64332  -8.30110  2330.71  4396.42 3.86 3.64  69.2 -0.398 19.72 21.70 02a57780o0353c
57780.412857  20.516  0.677    23   15 c  0   0.95  74.64332  -8.30110  2351.58  4279.24 3.88 3.68  73.1 -0.391 19.67 21.62 02a57780o0387c
57780.429315 -21.730  2.286    -7   17 c  0   0.92  74.64332  -8.30110  2314.54  4335.30 3.84 3.65  69.7 -0.397 19.60 21.49 02a57780o0418c
57784.351630 -21.581  1.458    -8   12 c  0   1.45  74.64332  -8.30110  3999.80  2551.88 3.90 3.80  85.4 -0.371 19.68 21.71 02a57784o0091c
57784.367415  20.442  0.657    24   16 c  0   0.92  74.64332  -8.30110  3982.68  2511.31 3.95 3.83 -87.6 -0.369 19.64 21.65 02a57784o0121c
57784.382612  20.433  0.603    24   15 c  0   1.41  74.64332  -8.30110  4042.97  2588.68 3.89 3.81  89.7 -0.371 19.60 21.59 02a57784o0150c
57784.398447 -21.973  2.625    -6   16 c  0   1.24  74.64332  -8.30110  4066.32  2469.88 3.94 3.86 -78.5 -0.372 19.56 21.55 02a57784o0180c
57784.413899 -23.749 14.333    -1   16 c  0   0.93  74.64332  -8.30110  4028.28  2526.73 3.95 3.90 -73.7 -0.369 19.52 21.52 02a57784o0209c
57788.305124  20.899  1.860    16   30 o  0   0.93  74.64332  -8.30110  1340.13  5203.18 3.77 3.56  88.8 -0.443 18.89 20.07 02a57788o0208o
57788.321237  20.197  0.759    30   23 o  0   1.56  74.64332  -8.30110  1323.07  5164.30 3.75 3.52  87.7 -0.445 18.89 20.06 02a57788o0236o
57788.339550 -20.134  0.909   -32   29 o  0   1.04  74.64332  -8.30110  1384.53  5240.11 3.74 3.59  84.6 -0.434 18.84 20.01 02a57788o0267o
57788.357668 -20.542  1.393   -22   31 o  0   1.02  74.64332  -8.30110  1405.97  5121.53 3.72 3.52  88.6 -0.441 18.82 19.96 02a57788o0298o
57788.376903  20.030  0.929    35   33 o  0   0.71  74.64332  -8.30110  1369.72  5177.35 3.64 3.45  88.8 -0.452 18.80 19.89 02a57788o0330o
57795.318041 -17.631  0.827  -322  266 o  0   1.11  74.64332  -8.30110  1961.35  3487.03 3.97 3.78   6.8 -0.437 16.58 16.60 02a57795o0199o
57795.318610  16.942  4.918   607 2986 o  0   1.07  74.64332  -8.30110  8593.42  6923.11 3.46 3.42  64.8 -0.664 15.84 17.09 01a57795o0197o
57795.333851  18.045  1.574   220  346 o  0   1.37  74.64332  -8.30110  8614.33  6961.85 3.57 3.46  30.0 -0.786 17.35 18.47 01a57795o0225o
57795.348757 -18.873  6.414  -102  657 o  0   1.27  74.64332  -8.30110  8556.25  6885.14 3.79 3.58  17.6 -0.760 17.06 18.32 01a57795o0252o
57800.223656 -22.200  8.333    -5   40 o  0   1.13  74.64332  -8.30110  4423.62  5187.66 3.61 3.47 -21.4 -0.678 18.47 19.94 01a57800o0039o
57800.249529  19.280  0.565    70   40 o  0   1.22  74.64332  -8.30110  6104.82  5315.89 3.59 3.35  22.3 -0.625 18.65 20.42 01a57800o0042o
57800.263839 -19.252  0.512   -72   37 o  0   1.11  74.64332  -8.30110  6085.99  5433.08 3.64 3.50  36.3 -0.629 18.73 20.59 01a57800o0069o
57800.311725  23.201 11.400     2   22 o  0   0.93  74.64332  -8.30110  1189.71  4720.09 3.89 3.53  67.2 -0.438 19.37 21.02 02a57800o0036o
57800.322462  20.904  1.220    16   19 o  0   1.05  74.64332  -8.30110  1173.17  4680.49 3.90 3.60  66.6 -0.430 19.33 20.99 02a57800o0057o
57800.336264 -21.159  1.469   -12   18 o  0   1.33  74.64332  -8.30110  1232.91  4755.90 3.91 3.62  72.7 -0.429 19.26 20.87 02a57800o0083o
57800.352191 -20.837  1.273   -17   21 o  0   0.98  74.64332  -8.30110  1253.86  4637.52 3.82 3.54  78.2 -0.436 19.21 20.71 02a57800o0113o
57800.369194 -21.132  2.000   -13   26 o  0   1.04  74.64332  -8.30110  1214.84  4692.41 3.90 3.74  75.9 -0.418 18.95 20.35 02a57800o0145o
57804.320834 -20.996  1.303   -14   19 c  0   1.00  74.64332  -8.30110  1067.78  4851.72 3.99 3.79  70.6 -0.395 19.32 21.22 02a57804o0221c
57804.335191  20.975  1.957    15   29 c  0   1.00  74.64332  -8.30110  1050.33  4810.74 4.20 4.00  70.0 -0.386 18.78 20.71 02a57804o0249c
57804.349726  20.591  1.000    21   21 c  0   1.17  74.64332  -8.30110  1111.96  4886.85 4.60 4.05   6.1 -0.390 19.15 21.12 02a57804o0277c
57804.364170 -15.079  1.417 -3377 4786 c  0   1.09  74.64332  -8.30110  1132.46  4768.50 4.01 3.85  78.4 -0.386 16.64 18.49 02a57804o0305c
57804.378800  22.603  7.600     3   25 c  0   1.24  74.64332  -8.30110  1094.84  4824.98 4.11 4.00  53.2 -0.375 18.68 20.58 02a57804o0333c
57808.308853  17.351  0.756   417  315 c  0   1.26  74.64332  -8.30110  1167.74  3594.17 4.14 3.85  79.9 -0.389 15.63 17.35 02a57808o0171c
57808.324738  20.199  1.808    30   55 c  0   0.97  74.64332  -8.30110  1148.14  3552.70 3.98 3.78  80.0 -0.389 18.06 19.73 02a57808o0202c
57808.340092 -19.084  0.869   -84   73 c  0   1.12  74.64332  -8.30110  1208.92  3628.60 3.92 3.71  82.2 -0.398 17.83 19.48 02a57808o0232c
57808.356120  17.490  1.326   366  486 c  0   1.22  74.64332  -8.30110  1232.60  3508.72 3.98 3.81  85.5 -0.397 15.83 17.40 02a57808o0263c
57816.233954 -22.733  8.714    -3   26 c  0   0.90  74.64332  -8.30110  4160.40  2077.17 4.17 3.93  75.8 -0.366 18.99 20.55 02a57816o0002c
57816.259043  22.855  9.333     3   24 c  0   0.98  74.64332  -8.30110  4198.79  2092.51 4.25 4.04   9.8 -0.372 18.99 20.60 02a57816o0046c
57826.262595  19.678  0.785    49   38 o  0   1.05  74.64332  -8.30110  2710.39  3883.67 3.91 3.73  77.4 -0.442 17.99 18.84 02a57826o0085o
57826.279963 -19.670  0.798   -49   39 o  0   0.95  74.64332  -8.30110  3294.61  3308.53 3.79 3.50 -87.2 -0.463 17.90 18.60 02a57826o0116o
57826.280075 -19.650  0.940   -50   47 o  0   1.24  74.64332  -8.30110  7280.96  7160.14 3.60 3.40  71.3 -0.487 18.19 19.35 01a57826o0035o
57826.293905 -19.397  0.895   -63   57 o  0   1.00  74.64332  -8.30110  8153.15  7446.19 3.43 3.27  60.8 -0.495 18.17 19.23 01a57826o0061o
57826.295255  19.405  0.629    63   40 o  0   1.72  74.64332  -8.30110  2426.06  3003.54 3.85 3.66 -84.0 -0.442 17.80 18.45 02a57826o0143o
57826.310927 -19.501  1.010   -58   58 o  0   1.14  74.64332  -8.30110  6964.69  6292.04 3.54 3.35 -18.7 -0.476 18.05 19.10 01a57826o0093o
57826.314728  22.020  8.308     6   47 o  0   1.06  74.64332  -8.30110  3596.66  4174.84 3.76 3.49 -89.0 -0.450 17.70 18.27 02a57826o0178o
57828.277683 -22.235  5.500    -5   26 o  0   0.80  74.64332  -8.30110  2094.76  5174.27 3.95 3.68  73.4 -0.433 18.48 19.86 02a57828o0113o
57828.292732  22.278 10.600     4   47 o  0   1.13  74.64332  -8.30110  2077.91  5132.24 3.94 3.68  75.8 -0.431 17.63 18.88 02a57828o0142o
57828.302883  20.840  3.100    17   52 o  0   1.09  74.64332  -8.30110  2134.73  5209.00 3.98 3.70  79.6 -0.421 17.68 18.94 02a57828o0162o
57828.313390 -20.686  2.929   -19   56 o  0   0.89  74.64332  -8.30110  2155.76  5090.93 3.88 3.75  85.8 -0.425 17.77 18.90 02a57828o0183o
57828.325599  17.659  0.701   314  220 o  0   1.15  74.64332  -8.30110  2116.62  5147.57 3.82 3.53  87.6 -0.444 16.51 17.26 02a57828o0206o
57832.272591 -21.784  3.917    -7   28 o  0   1.14  74.64332  -8.30110  4709.84  5172.19 5.12 3.98  -0.3 -0.353 18.11 19.56 02a57832o0102o
57832.288103 -20.149  0.873   -32   28 o  0   1.25  74.64332  -8.30110  4687.76  5132.06 5.02 3.91   0.2 -0.367 18.10 19.53 02a57832o0132o
57832.301584 -20.669  1.229   -20   24 o  0   1.15  74.64332  -8.30110  4746.40  5208.37 3.62 3.58 -72.4 -0.418 18.30 19.46 02a57832o0158o
57832.311684 -22.650  9.143    -3   29 o  0   0.90  74.64332  -8.30110  4765.62  5091.64 3.84 3.62  -2.8 -0.431 18.25 19.48 02a57832o0178o
57832.323407 -21.396  2.375   -10   24 o  0   1.03  74.64332  -8.30110  4726.16  5150.27 3.64 3.57 -86.8 -0.412 18.25 19.44 02a57832o0201o
57836.245212 -20.414  0.808   -25   20 c  0   1.00  74.64332  -8.30110  1553.59  3889.50 4.39 3.92  75.4 -0.399 18.70 20.42 02a57836o0033c
57836.257288 -21.246  1.792   -12   21 c  0   1.23  74.64332  -8.30110  1609.95  3966.42 4.33 3.96  79.0 -0.400 18.70 20.45 02a57836o0056c
57836.273097 -20.603  1.095   -21   23 c  0   0.91  74.64332  -8.30110  1633.49  3847.69 4.37 3.98  82.2 -0.392 18.66 20.41 02a57836o0086c
57836.288406  19.874  0.545    41   22 c  0   1.11  74.64332  -8.30110  1597.57  3902.34 4.45 4.19  86.1 -0.364 18.55 20.28 02a57836o0115c
57840.232969  19.731  0.670    46   31 c  0   0.93  74.64332  -8.30110  1794.13  3507.99 4.04 3.65  69.2 -0.442 18.35 19.49 02a57840o0009c
57840.249834 -20.829  1.150   -17   20 c  0   1.01  74.64332  -8.30110  1830.42  3545.50 4.08 3.64  70.2 -0.394 18.73 20.33 02a57840o0041c
57840.262961  22.723  7.000     3   21 c  0   1.09  74.64332  -8.30110  1849.18  3427.62 4.06 3.67  73.6 -0.385 18.69 20.28 02a57840o0066c
57840.278651  21.089  1.633    13   22 c  0   1.00  74.64332  -8.30110  1812.81  3482.77 4.06 3.74  74.9 -0.380 18.66 20.29 02a57840o0096c
57844.231181  19.575  1.054    54   57 c  0   1.01  74.64332  -8.30110  3889.66  3641.25 3.87 3.65  80.1 -0.420 18.46 19.43 02a57844o0002c
57844.234829 -21.802  5.588    -7   39 c  0   0.91  74.64332  -8.30110  3872.48  3600.24 3.85 3.64  80.9 -0.406 18.77 20.02 02a57844o0009c
57844.241595 -20.042  0.690   -35   24 c  0   1.52  74.64332  -8.30110  3929.13  3676.72 3.88 3.67  80.7 -0.384 18.98 20.46 02a57844o0022c
57844.250995 -20.410  0.964   -25   24 c  0   1.42  74.64332  -8.30110  3949.06  3559.68 4.10 3.88  83.2 -0.359 18.93 20.51 02a57844o0040c
57844.264014  20.558  1.260    22   27 c  0   1.10  74.64332  -8.30110  3908.92  3616.16 3.99 3.82  83.6 -0.361 18.89 20.43 02a57844o0065c
57971.579349  18.865  0.913   103   94 o  0   0.79  74.64332  -8.30110  2307.80  5001.40 3.55 2.91  89.6 -0.434 17.36 18.09 01a57971o0689o
57971.588279 -18.549  0.381  -138   53 o  0   1.11  74.64332  -8.30110  2356.92  5071.19 3.60 2.98  89.4 -0.435 17.94 18.79 01a57971o0706o
57971.597462  20.053  1.099    35   38 o  0   0.88  74.64332  -8.30110  2368.25  4945.26 3.55 2.91  89.3 -0.437 18.29 19.13 01a57971o0723o
57992.585157 -24.317 22.667    -1   15 o  0   0.86  74.64332  -8.30110  4760.99  8877.91 3.39 3.00 -77.8 -0.435 19.14 20.77 01a57992o0632o
57992.592234  21.901  2.188     6   14 o  0   1.08  74.64332  -8.30110  4741.60  8823.88 3.17 2.76 -73.7 -0.451 19.27 20.86 01a57992o0646o
57992.599778  21.037  0.938    14   13 o  0   0.96  74.64332  -8.30110  4796.94  8883.73 3.32 2.88 -78.6 -0.451 19.27 20.98 01a57992o0661o
57992.606869 -21.454  1.480   -10   14 o  0   0.79  74.64332  -8.30110  4814.00  8749.03 3.11 2.70 -82.1 -0.460 19.35 21.06 01a57992o0675o
57994.620142 -22.144  1.612    -5    8 o  0   1.75  74.64332  -8.30110  7341.49   590.05 2.19 2.02  58.4 -0.461 19.73 21.09 02a57994o0694o
57994.626835  21.935  1.843     6   11 o  0   1.01  74.64332  -8.30110  9479.21 10342.90 2.38 1.87  35.3 -0.490 19.61 20.95 02a57994o0706o
57994.627920 -22.933  4.045    -2   10 o  0   1.37  74.64332  -8.30110  7359.38   631.33 2.28 2.11  61.1 -0.453 19.59 20.85 02a57994o0708o
57994.634525  21.696  2.590     8   20 o  0   1.24  74.64332  -8.30110  9497.91 10384.74 2.43 1.90  41.4 -0.470 19.14 19.88 02a57994o0720o
57994.636170  25.541 96.000     0   21 o  0   0.95  74.64332  -8.30110  7299.53   554.27 2.25 2.11  61.7 -0.465 18.84 19.41 02a57994o0723o
57994.642815 -18.038  0.375  -221   83 o  0   1.30  74.64332  -8.30110  9436.38 10306.93 2.28 1.85  41.0 -0.462 17.72 17.64 02a57994o0735o
57994.643893 -18.809  0.741  -109   81 o  0   1.01  74.64332  -8.30110  7278.92   674.94 2.18 2.00  61.7 -0.445 17.42 17.30 02a57994o0737o
57996.581157  21.583  2.031     8   17 o  0   1.18  74.64332  -8.30110  1985.77  9557.53 3.66 3.27 -76.9 -0.423 19.02 20.69 01a57996o0517o
57996.588227 -20.823  1.079   -17   18 o  0   1.08  74.64332  -8.30110  1963.56  9500.69 3.61 3.45 -83.9 -0.407 19.04 20.72 01a57996o0531o
57996.595830  22.215  3.130     5   15 o  0   1.17  74.64332  -8.30110  2021.33  9560.59 3.25 2.83 -83.0 -0.450 19.22 20.76 01a57996o0546o
57996.602958 -20.348  0.652   -26   17 o  0   0.81  74.64332  -8.30110  2039.13  9424.47 3.50 3.07 -87.6 -0.425 19.14 20.79 01a57996o0560o
57998.584247  21.185  0.899    12   11 o  0   1.23  74.64332  -8.30110  5908.43  2513.35 2.22 2.15  50.1 -0.460 19.48 20.65 02a57998o0659o
57998.591972 -21.628  1.012    -8    8 o  0   1.00  74.64332  -8.30110  5926.08  2553.69 2.09 2.04  41.4 -0.452 19.59 20.68 02a57998o0674o
57998.599777  21.630  1.034     8    8 o  0   1.33  74.64332  -8.30110  5867.09  2477.75 2.03 2.00  56.1 -0.447 19.59 20.73 02a57998o0689o
57998.607511  21.279  0.901    11   10 o  0   1.34  74.64332  -8.30110  5844.51  2596.53 2.22 2.14  60.0 -0.461 19.56 20.83 02a57998o0704o
58000.521301 -18.516  0.394  -142   56 o  0   1.11  74.64332  -8.30110  3795.99  8994.17 4.41 4.06 -80.2 -0.411 18.03 19.28 01a58000o0617o
58000.527505 -20.512  2.520   -23   57 o  0   0.99  74.64332  -8.30110  3775.67  8948.17 4.63 4.30 -76.7 -0.405 18.02 19.34 01a58000o0630o
58000.535751  19.142  0.664    80   53 o  0   1.07  74.64332  -8.30110  3830.83  9014.31 5.13 4.89 -67.7 -0.348 17.92 19.44 01a58000o0643o
58000.540968 -19.763  0.959   -45   43 o  0   0.98  74.64332  -8.30110  3845.98  8889.49 4.18 3.98 -86.5 -0.414 18.20 19.49 01a58000o0654o
58001.614068  20.603  0.808    21   17 o  0   1.25  74.64332  -8.30110  7408.35   834.33 2.37 2.19  55.8 -0.452 19.01 19.68 02a58001o0789o
58001.622486  21.019  1.173    14   17 o  0   0.98  74.64332  -8.30110  7426.44   874.84 2.30 2.15  52.5 -0.449 19.07 19.76 02a58001o0807o
58001.631436 -20.316  0.654   -27   18 o  0   1.06  74.64332  -8.30110  7369.86   798.64 2.31 2.17  59.0 -0.433 19.05 19.74 02a58001o0826o
58001.639861  20.567  1.576    22   34 o  0   1.00  74.64332  -8.30110  7348.60   917.48 2.43 2.35  63.9 -0.424 18.31 18.74 02a58001o0844o
58002.542678  20.353  0.964    26   25 o  0   1.26  74.64332  -8.30110  7329.48  3331.86 2.10 2.09 -29.5 -0.463 18.56 18.87 02a58002o0604o
58002.551226 -19.873  0.622   -41   25 o  0   1.18  74.64332  -8.30110  7348.78  3372.24 2.10 2.05 -85.8 -0.458 18.58 18.94 02a58002o0618o
58002.560447  20.676  1.229    20   24 o  0   1.10  74.64332  -8.30110  7293.74  3296.24 2.08 2.04 -66.1 -0.470 18.66 19.00 02a58002o0632o
58002.567667 -20.849  1.147   -17   19 o  0   1.37  74.64332  -8.30110  7275.08  3414.05 2.08 2.02 -43.8 -0.501 18.69 19.04 02a58002o0647o
58004.560756  20.013  0.692    36   25 o  0   1.51  74.64332  -8.30110  3919.36  9466.06 3.31 3.03 -79.9 -0.447 18.44 19.43 01a58004o0107o
58004.567683  20.774  1.512    18   27 o  0   1.12  74.64332  -8.30110  3897.12  9410.41 3.13 2.92 -72.1 -0.462 18.58 19.49 01a58004o0122o
58004.574575  20.673  1.266    20   25 o  0   1.25  74.64332  -8.30110  3953.06  9471.22 3.17 2.90 -79.8 -0.459 18.59 19.54 01a58004o0137o
58004.581479 -21.661  3.385    -8   27 o  0   0.91  74.64332  -8.30110  3971.29  9336.09 3.17 2.82 -79.7 -0.462 18.62 19.60 01a58004o0152o
58008.553474 -21.500  2.415    -9   22 o  0   1.14  74.64332  -8.30110  2736.53  8933.41 3.40 2.96 -84.4 -0.433 18.78 19.95 01a58008o0247o
58008.560118 -21.215  1.907   -12   23 o  0   1.17  74.64332  -8.30110  2714.30  8877.95 3.36 2.98 -85.5 -0.431 18.84 19.97 01a58008o0261o
58008.567227 -20.653  1.135   -20   23 o  0   1.20  74.64332  -8.30110  2769.67  8937.13 3.40 2.98 -84.2 -0.436 18.83 20.00 01a58008o0276o
58008.573890  21.667  2.622     8   20 o  0   1.00  74.64332  -8.30110  2789.70  8802.46 3.31 2.90 -85.9 -0.438 18.89 20.04 01a58008o0290o
58010.550674 -21.114  0.930   -13   12 o  0   0.65  74.64332  -8.30110  7778.66  2112.11 2.06 1.91  55.2 -0.457 19.49 20.34 02a58010o0677o
58010.557476 -20.979  0.758   -15   11 o  0   1.32  74.64332  -8.30110  7796.70  2152.41 2.10 1.92  58.6 -0.456 19.45 20.36 02a58010o0691o
58010.564636  20.636  0.599    20   12 o  0   0.95  74.64332  -8.30110  7739.16  2076.77 2.08 1.91  58.9 -0.462 19.49 20.37 02a58010o0706o
58010.571260 -21.340  1.121   -11   12 o  0   0.97  74.64332  -8.30110  7714.87  2195.69 2.05 1.90  58.0 -0.463 19.51 20.38 02a58010o0720o
58012.541211 -20.525  0.798   -22   18 o  0   0.79  74.64332  -8.30110  3951.82  8528.06 3.18 2.81 -81.4 -0.449 19.07 20.51 01a58012o0678o
58012.547925 -22.806  4.583    -3   13 o  0   1.87  74.64332  -8.30110  3932.86  8489.71 3.36 3.09 -73.9 -0.426 19.13 20.68 01a58012o0692o
58012.554969  21.871  2.167     6   14 o  0   1.23  74.64332  -8.30110  3992.60  8568.56 3.33 2.92 -79.6 -0.438 19.16 20.70 01a58012o0707o
58012.561484  22.080  2.179     5   12 o  0   1.39  74.64332  -8.30110  4012.59  8452.15 3.13 2.72 -78.3 -0.456 19.21 20.71 01a58012o0721o
58016.534377  19.009  0.221    90   20 o  0  36.53  74.64332  -8.30110  2700.42  7874.06 3.85 3.46 -82.7 -0.408 18.86 20.41 01a58016o0372o
58016.541084 -22.910  6.727    -2   17 o  0   1.09  74.64332  -8.30110  2682.22  7835.28 3.44 3.00 -85.9 -0.424 19.04 20.45 01a58016o0386o
58016.548289 -21.865  2.393    -6   16 o  0   1.03  74.64332  -8.30110  2740.53  7913.58 3.41 3.11 -83.8 -0.424 19.04 20.50 01a58016o0401o
58016.554863  22.598  4.714     3   16 o  0   1.28  74.64332  -8.30110  2759.60  7797.95 3.49 3.13 -85.5 -0.419 19.03 20.55 01a58016o0415o
58018.538903 -21.591  1.091    -8    9 c  0   1.16  74.64332  -8.30110  9288.30  3519.93 2.82 2.65 -46.8 -0.392 19.64 21.41 02a58018o0377c
58018.545756 -21.303  0.875   -11   10 c  0   1.17  74.64332  -8.30110  9307.09  3561.32 2.82 2.66 -49.1 -0.390 19.64 21.43 02a58018o0391c
58018.552867  22.580  3.091     3   10 c  0   1.25  74.64332  -8.30110  9248.30  3484.92 2.84 2.67 -41.7 -0.391 19.65 21.46 02a58018o0406c
58018.559466 -21.565  1.050    -9    9 c  0   0.98  74.64332  -8.30110  9227.81  3604.25 2.76 2.58 -44.3 -0.397 19.67 21.49 02a58018o0420c
58022.524866 -23.300  5.056    -2    9 o  0   1.26  74.64332  -8.30110  5612.19  2008.56 2.11 1.99 -60.7 -0.447 19.57 20.60 02a58022o0641o
58022.531595 -21.083  0.767   -13   10 o  0   1.00  74.64332  -8.30110  5629.81  2049.55 2.17 2.09 -73.3 -0.448 19.54 20.63 02a58022o0655o
58022.537732  21.043  0.724    14   10 o  0   1.08  74.64332  -8.30110  5570.91  1973.19 2.18 2.07 -61.2 -0.452 19.53 20.58 02a58022o0668o
58022.544346  21.201  0.705    12    8 o  0   1.64  74.64332  -8.30110  5549.85  2091.77 2.14 2.00 -58.1 -0.453 19.55 20.57 02a58022o0682o
58024.527444  20.242  0.692    29   20 o  0   0.93  74.64332  -8.30110  9511.91   853.26 3.65 3.39 -58.1 -0.422 19.08 20.49 01a58024o0682o
58024.534566 -21.703  2.308    -8   18 o  0   1.35  74.64332  -8.30110  9488.88   793.84 3.74 3.58 -31.0 -0.417 19.02 20.52 01a58024o0697o
58024.541661 -20.784  1.043   -18   18 o  0   1.10  74.64332  -8.30110  9543.54   850.52 3.54 3.31 -66.1 -0.424 19.11 20.55 01a58024o0712o
58024.546803  21.204  1.440    12   17 o  0   1.02  74.64332  -8.30110  2122.61 10462.53 3.37 3.13 -19.1 -0.451 19.07 20.54 01a58024o0723o
58024.548696  20.369  0.734    26   19 o  0   0.86  74.64332  -8.30110  9562.98   711.66 3.56 2.99 -83.0 -0.443 19.15 20.55 01a58024o0727o
58026.528254 -21.142  0.721   -13    9 o  0   0.97  74.64332  -8.30110  6396.90  2111.16 2.13 2.03  46.9 -0.439 19.59 20.80 02a58026o0624o
58026.535517 -22.226  1.980    -5    9 o  0   1.07  74.64332  -8.30110  6414.39  2152.18 2.06 1.97  52.7 -0.450 19.66 20.82 02a58026o0639o
58026.543145  21.254  0.748    11    9 o  0   1.43  74.64332  -8.30110  6355.52  2076.94 2.05 1.99  64.8 -0.451 19.64 20.77 02a58026o0654o
58026.550280  25.772 39.500     0    7 o  0   1.69  74.64332  -8.30110  6333.56  2195.49 1.99 1.94  64.0 -0.456 19.67 20.81 02a58026o0669o
58028.517096 -21.429  1.588   -10   16 o  0   1.27  74.64332  -8.30110  5062.82  7191.51 3.06 2.75 -78.3 -0.453 19.02 20.14 01a58028o0603o
58028.524178 -20.155  0.534   -32   17 o  0   0.98  74.64332  -8.30110  5040.72  7132.26 3.17 3.07 -77.3 -0.420 18.97 20.18 01a58028o0618o
58028.531186  22.340  3.773     4   16 o  0   1.27  74.64332  -8.30110  5097.56  7189.12 3.05 2.82 -79.3 -0.444 19.10 20.28 01a58028o0633o
58028.538248  20.178  0.468    31   14 o  0   1.26  74.64332  -8.30110  5114.86  7052.10 2.98 2.69 -84.5 -0.464 19.16 20.35 01a58028o0648o
58031.492430 -20.701  2.651   -19   50 o  0   1.18  74.64332  -8.30110  2894.14  7336.40 3.23 3.10 -65.1 -0.434 18.31 18.99 01a58031o0624o
58031.500449  20.490  2.524    23   58 o  0   0.99  74.64332  -8.30110  2870.59  7276.80 3.83 3.28  -3.0 -0.433 18.21 19.02 01a58031o0641o
58031.508441  19.556  0.948    55   52 o  0   1.41  74.64332  -8.30110  2925.37  7332.93 3.81 3.49   4.2 -0.414 18.14 19.06 01a58031o0658o
58031.516447  19.875  1.163    41   47 o  0   1.06  74.64332  -8.30110  2941.72  7193.78 3.53 3.32 -80.4 -0.430 18.27 19.11 01a58031o0675o
58032.514620  21.247  2.800    12   32 o  0   1.06  74.64332  -8.30110  3061.26   644.72 3.80 3.23  -6.2 -0.381 18.35 19.16 01a58032o0668o
58032.520609 -20.464  1.267   -24   30 o  0   0.85  74.64332  -8.30110  5300.83 10322.53 3.12 2.97 -50.7 -0.435 18.40 19.16 01a58032o0680o
58032.523686  20.211  0.991    30   30 o  0   1.18  74.64332  -8.30110  3038.68   578.08 4.03 3.03  -0.3 -0.390 18.33 19.21 01a58032o0686o
58032.529700 -19.917  0.827   -39   32 o  0   0.85  74.64332  -8.30110  5278.89 10254.59 3.12 2.90 -60.5 -0.454 18.50 19.21 01a58032o0698o
58032.532269  21.256  2.625    11   30 o  0   1.06  74.64332  -8.30110  3093.85   628.65 3.71 3.06   1.1 -0.389 18.40 19.25 01a58032o0703o
58032.538504 -19.327  0.534   -68   36 o  0   0.96  74.64332  -8.30110  5334.23 10303.82 4.38 3.27  -5.1 -0.394 18.21 19.23 01a58032o0715o
58032.541329  21.476  3.116     9   29 o  0   1.27  74.64332  -8.30110  3108.45   480.94 3.31 3.10   9.4 -0.401 18.44 19.27 01a58032o0721o
58032.547816 -24.107 36.500    -1   30 o  0   1.15  74.64332  -8.30110  5350.76 10154.44 3.26 2.89 -82.4 -0.444 18.44 19.27 01a58032o0733o
58033.468698 -19.818  0.989   -43   42 o  0   0.88  74.64332  -8.30110  1687.35   137.46 3.58 3.02  72.7 -0.445 18.31 18.96 01a58033o0505o
58033.472468 -21.002  2.483   -14   36 o  0   1.16  74.64332  -8.30110  3919.23  9859.24 3.47 3.09 -88.5 -0.438 18.32 18.96 01a58033o0513o
58033.475345  19.885  1.213    40   49 o  0   0.79  74.64332  -8.30110  1663.53    83.42 3.42 2.99  71.3 -0.449 18.32 18.98 01a58033o0519o
58033.479096 -20.722  1.605   -19   30 o  0   1.52  74.64332  -8.30110  3896.64  9805.25 3.33 2.90 -82.8 -0.447 18.33 18.99 01a58033o0527o
58033.481449 -22.155  6.304    -5   31 o  0   1.42  74.64332  -8.30110  1719.94   148.56 3.34 2.87  74.3 -0.452 18.39 19.02 01a58033o0532o
58033.485169 -20.500  1.570   -23   36 o  0   1.02  74.64332  -8.30110  3952.31  9869.02 3.45 2.96 -87.7 -0.443 18.32 19.02 01a58033o0540o
58033.491673  20.346  1.109    26   29 o  0   1.10  74.64332  -8.30110  3969.62  9736.05 3.16 2.88 -84.5 -0.458 18.40 19.06 01a58033o0554o
58036.516837  21.290  1.734    11   19 o  0   1.33  74.64332  -8.30110  2078.33  9369.31 2.86 2.59 -80.2 -0.489 18.80 19.71 01a58036o0669o
58036.524129 -20.330  0.745   -27   20 o  0   1.15  74.64332  -8.30110  2057.01  9306.25 2.83 2.61 -78.3 -0.482 18.80 19.73 01a58036o0684o
58036.531374 -20.395  0.894   -25   23 o  0   0.92  74.64332  -8.30110  2113.41  9359.71 2.86 2.73 -76.6 -0.478 18.83 19.76 01a58036o0699o
58036.538558  22.299  5.037     4   22 o  0   1.06  74.64332  -8.30110  2132.14  9217.87 2.76 2.52 -86.1 -0.499 18.87 19.76 01a58036o0714o
58037.513241  24.643 38.333     0   19 o  0   1.09  74.64332  -8.30110  1732.25  8162.18 2.88 2.59 -83.7 -0.464 18.97 20.00 01a58037o0467o
58037.520533 -22.458  4.083    -4   15 o  0   0.99  74.64332  -8.30110  1710.90  8099.42 2.79 2.48 -81.3 -0.473 19.02 20.04 01a58037o0482o
58037.527797  22.435  4.240     4   16 o  0   1.44  74.64332  -8.30110  1766.65  8153.10 2.74 2.47 -79.5 -0.473 19.03 20.02 01a58037o0497o
58037.535010 -19.631  0.323   -51   16 o  0   1.24  74.64332  -8.30110  1784.41  8012.22 2.73 2.47 -86.9 -0.482 19.00 20.07 01a58037o0512o
58044.490289 -20.536  1.157   -22   26 o  0   0.98  74.64332  -8.30110  1396.03   901.13 2.97 2.85  58.3 -0.459 18.74 20.18 01a58044o0631o
58044.497529  22.073  2.440     5   13 o  0   1.37  74.64332  -8.30110  1373.20   838.97 3.11 2.93  39.8 -0.439 19.28 20.92 01a58044o0646o
58044.504757 -20.865  1.974   -16   32 o  0   1.19  74.64332  -8.30110  1430.22   894.22 2.87 2.83  51.6 -0.465 18.47 19.91 01a58044o0661o
58044.511967 -20.205  0.442   -30   13 o  0   1.26  74.64332  -8.30110  1446.05   752.80 2.94 2.80  64.0 -0.464 19.36 20.93 01a58044o0676o
58044.517749 -20.838  0.755   -17   13 o  0   1.45  74.64332  -8.30110  3655.62 10464.75 2.74 2.47 -71.1 -0.481 19.22 20.77 01a58044o0688o
58048.483827  21.364  1.596    10   16 o  0   0.90  74.64332  -8.30110   143.13   699.13 3.27 2.86  66.9 -0.501 19.27 20.81 01a58048o0621o
58048.489645 -25.862 81.000    -0   13 o  0   0.91  74.64332  -8.30110  2345.60 10412.33 2.83 2.53 -85.4 -0.475 19.28 20.80 01a58048o0633o
58048.491059 -22.012  2.880    -6   16 o  0   1.12  74.64332  -8.30110   120.60   635.71 3.29 3.00  64.5 -0.498 19.27 20.86 01a58048o0636o
58048.491517 -19.857  0.367   -41   15 o  0   1.00  74.64332  -8.30110  9785.00   658.00 3.39 2.85 -84.9 -0.446 19.36 20.78 01a58048o0637o
58048.496893 -20.602  0.658   -21   14 o  0   0.90  74.64332  -8.30110  2323.70 10349.01 2.93 2.75 -76.9 -0.449 19.26 20.86 01a58048o0648o
58048.498316 -18.782  0.148  -112   16 o  0   0.89  74.64332  -8.30110   177.60   690.90 3.34 2.86  72.2 -0.498 19.32 20.93 01a58048o0651o
58048.498777  23.128  7.429     2   15 o  0   1.12  74.64332  -8.30110  9762.31   594.56 3.76 3.56 -16.9 -0.407 19.17 20.89 01a58048o0652o
58048.504141 -20.668  0.732   -20   14 o  0   0.75  74.64332  -8.30110  2380.24 10401.87 2.98 2.61 -80.2 -0.464 19.32 20.90 01a58048o0663o
58048.505537  20.954  0.959    15   14 o  0   0.81  74.64332  -8.30110   193.70   547.90 3.26 2.64  75.6 -0.506 19.36 20.92 01a58048o0666o
58048.505996  22.265  3.316     4   15 o  0   1.27  74.64332  -8.30110  9819.20   646.47 3.56 3.00 -84.8 -0.440 19.28 20.88 01a58048o0667o
58048.511351 -22.491  3.773    -4   14 o  0   0.88  74.64332  -8.30110  2398.89 10258.20 2.94 2.48 -81.3 -0.474 19.35 20.86 01a58048o0678o
58048.513211 -21.098  1.102   -13   14 o  0   1.10  74.64332  -8.30110  9838.17   502.44 3.52 2.79 -85.2 -0.444 19.31 20.79 01a58048o0682o
58054.482548 -22.481  2.821    -4   10 o  0   1.14  74.64332  -8.30110  5767.26  2755.38 2.12 1.92 -48.7 -0.463 19.57 20.64 02a58054o0613o
58054.490487 -20.962  0.614   -15    9 o  0   1.36  74.64332  -8.30110  5785.04  2796.40 2.19 1.93 -43.2 -0.453 19.59 20.65 02a58054o0628o
58054.498001 -20.933  0.689   -15   11 o  0   0.83  74.64332  -8.30110  5727.03  2720.63 2.15 1.90 -44.8 -0.462 19.59 20.66 02a58054o0643o
58054.505512 -22.016  1.684    -6   10 o  0   1.07  74.64332  -8.30110  5705.34  2838.56 2.21 1.95 -46.9 -0.457 19.61 20.71 02a58054o0658o
58056.453414 -20.493  0.792   -23   18 o  0   1.16  74.64332  -8.30110  1525.84   674.43 3.32 2.85  75.9 -0.467 19.01 20.23 01a58056o0423o
58056.459167 -22.023  3.185    -6   18 o  0   1.00  74.64332  -8.30110  3735.92 10387.40 3.29 2.86 -80.8 -0.434 18.99 20.24 01a58056o0435o
58056.460708  21.918  3.357     6   21 o  0   0.98  74.64332  -8.30110  1502.46   613.06 3.40 2.86  77.5 -0.465 19.04 20.31 01a58056o0438o
58056.466550  22.166  3.435     5   17 o  0   1.03  74.64332  -8.30110  3713.56 10324.39 3.34 2.91 -78.0 -0.428 19.00 20.29 01a58056o0450o
58056.468150 -20.405  0.895   -25   22 o  0   1.25  74.64332  -8.30110  1559.60   667.85 3.92 3.25  73.7 -0.455 18.91 20.33 01a58056o0453o
58056.474063  20.838  1.229    17   21 o  0   0.82  74.64332  -8.30110  3770.52 10377.23 3.53 3.16 -83.9 -0.406 18.99 20.31 01a58056o0465o
58056.475468 -20.480  0.888   -23   21 o  0   1.00  74.64332  -8.30110  1575.51   525.84 3.59 3.29  67.4 -0.436 18.97 20.37 01a58056o0468o
58056.481223 -20.500  0.761   -23   17 o  0   0.99  74.64332  -8.30110  3808.10 10235.39 3.63 3.19 -84.0 -0.406 18.99 20.36 01a58056o0480o
58058.440487 -20.551  0.980   -22   21 o  0   0.98  74.64332  -8.30110  8552.13   608.51 2.37 1.92  62.2 -0.443 19.02 19.34 02a58058o0357o
58058.444261  22.402  5.421     4   22 o  0   0.78  74.64332  -8.30110  1033.46 10311.18 2.24 1.75  40.8 -0.493 19.08 19.44 02a58058o0365o
58058.447732 -20.967  1.162   -15   17 o  0   1.18  74.64332  -8.30110  8571.12   649.95 2.39 1.92  57.1 -0.455 19.06 19.41 02a58058o0372o
58058.451475  21.589  3.099     8   26 o  0   0.78  74.64332  -8.30110  1051.70 10352.00 2.38 1.75  42.0 -0.529 19.09 19.44 02a58058o0380o
58058.454836  22.508  6.059     4   22 o  0   0.90  74.64332  -8.30110  8512.16   573.85 2.34 1.93  59.2 -0.452 19.07 19.41 02a58058o0387o
58058.458555 -20.584  1.000   -21   21 o  0   1.45  74.64332  -8.30110   994.19 10274.42 2.21 1.77  41.2 -0.623 19.06 19.45 02a58058o0395o
58058.461915  20.374  0.749    26   19 o  0   1.08  74.64332  -8.30110  8489.57   691.74 2.21 1.91  61.3 -0.451 19.07 19.37 02a58058o0402o
58058.465674  20.385  0.938    26   24 o  0   1.09  74.64332  -8.30110   970.52 10393.94 2.50 1.82  40.6 -0.673 19.02 19.45 02a58058o0410o
58060.370405 -22.069  8.636    -5   47 o  0   1.22  74.64332  -8.30110  1350.12   214.65 3.55 2.87  82.7 -0.479 18.05 18.53 01a58060o0195o
58060.374115 -21.749  6.562    -7   48 o  0   0.89  74.64332  -8.30110  3565.72  9941.75 3.40 2.83 -78.0 -0.452 18.04 18.52 01a58060o0203o
58060.376446 -22.302 11.333    -4   49 o  0   0.92  74.64332  -8.30110  1328.13   165.41 3.48 2.88  82.0 -0.465 18.10 18.58 01a58060o0208o
58060.380163  20.437  1.554    24   38 o  0   1.17  74.64332  -8.30110  3544.54  9892.61 3.33 2.79 -77.2 -0.457 18.14 18.58 01a58060o0216o
58060.382479  20.140  1.291    32   41 o  0   1.13  74.64332  -8.30110  1384.99   234.99 3.45 2.88  80.9 -0.470 18.08 18.63 01a58060o0221o
58060.386201 -23.311 24.875    -2   43 o  0   0.83  74.64332  -8.30110  3600.26  9961.03 3.32 2.79 -77.2 -0.457 18.15 18.62 01a58060o0229o
58060.388516  20.782  2.747    18   48 o  0   0.95  74.64332  -8.30110  1399.22   105.89 3.43 2.74  81.1 -0.491 18.17 18.67 01a58060o0234o
58060.392189  21.261  3.569    11   41 o  0   1.11  74.64332  -8.30110  3616.68  9832.09 3.33 2.90 -78.5 -0.455 18.14 18.65 01a58060o0242o
58062.432077 -21.169  2.152   -12   27 o  0   1.67  74.64332  -8.30110  8602.83  2797.33 2.37 2.33  65.9 -0.450 18.42 18.50 02a58062o0450o
58062.440218 -20.107  0.895   -33   29 o  0   1.13  74.64332  -8.30110  8624.21  2837.87 2.44 2.37 -86.9 -0.427 18.40 18.52 02a58062o0464o
58062.448641 -20.268  1.083   -28   31 o  0   0.77  74.64332  -8.30110  8568.01  2760.50 2.38 2.30 -76.6 -0.452 18.42 18.55 02a58062o0479o
58062.455866 -20.439  1.150   -24   28 o  0   0.95  74.64332  -8.30110  8547.24  2879.12 2.25 2.23  83.6 -0.422 18.51 18.58 02a58062o0493o
58064.458870  22.225  6.000     5   28 o  0   0.92  74.64332  -8.30110  1517.83   702.52 3.26 2.92  71.1 -0.460 18.60 19.46 01a58064o0554o
58064.464614 -20.769  1.326   -18   24 o  0   1.21  74.64332  -8.30110  3728.49 10413.14 3.23 2.94 -81.5 -0.435 18.63 19.51 01a58064o0566o
58064.466972 -22.750  8.786    -3   25 o  0   1.10  74.64332  -8.30110  1495.37   635.06 3.25 2.86  75.4 -0.456 18.59 19.49 01a58064o0571o
58064.472781  20.241  1.007    29   29 o  0   0.72  74.64332  -8.30110  3707.95 10344.58 3.09 2.79 -77.3 -0.454 18.66 19.51 01a58064o0583o
58064.475138 -23.710 26.200    -1   31 o  0   0.95  74.64332  -8.30110  1553.21   685.18 3.39 3.10  29.6 -0.472 18.52 19.46 01a58064o0588o
58064.480943 -19.319  0.407   -68   28 o  0   1.00  74.64332  -8.30110  3784.29 10373.05 3.54 3.47 -18.7 -0.403 18.50 19.54 01a58064o0600o
58064.483310 -19.624  0.510   -51   26 o  0   0.84  74.64332  -8.30110  1569.54   535.79 3.25 2.91  67.5 -0.450 18.63 19.50 01a58064o0605o
58064.489145 -20.733  1.413   -18   26 o  0   0.93  74.64332  -8.30110  3802.29 10243.47 3.11 2.95 -87.1 -0.438 18.65 19.57 01a58064o0617o
58066.467536 -20.662  0.703   -20   14 o  0   0.76  74.64332  -8.30110  8795.03  3737.57 2.08 2.03 -74.4 -0.463 19.32 20.06 02a58066o0566o
58066.475570  22.628  4.176     3   14 o  0   0.88  74.64332  -8.30110  8812.02  3778.76 2.06 2.01 -57.7 -0.451 19.38 20.10 02a58066o0583o
58066.483629  23.368  8.688     2   14 o  0   0.88  74.64332  -8.30110  8753.99  3703.64 2.14 2.08 -74.6 -0.454 19.32 20.11 02a58066o0600o
58066.491914  21.345  1.074    10   11 o  0   1.46  74.64332  -8.30110  8732.27  3822.23 2.08 2.05 -54.0 -0.449 19.35 20.11 02a58066o0617o
58068.459907 -20.636  0.789   -20   16 o  0   0.83  74.64332  -8.30110  4233.73  6975.99 3.08 2.98 -45.6 -0.427 19.05 20.53 01a58068o0584o
58068.467041  20.580  0.786    21   17 o  0   1.38  74.64332  -8.30110  4212.93  6911.70 3.11 3.04 -29.2 -0.424 18.84 20.20 01a58068o0599o
58068.474247 -20.163  0.614   -31   19 o  0   0.96  74.64332  -8.30110  4269.80  6962.73 3.03 2.84 -83.4 -0.440 18.94 20.27 01a58068o0614o
58068.481506  21.960  2.875     6   17 o  0   1.12  74.64332  -8.30110  4288.21  6819.97 3.29 3.07  88.4 -0.416 19.01 20.51 01a58068o0629o
58070.456157 -22.045  1.455    -6    8 o  0   1.04  74.64332  -8.30110  6811.18  1337.59 2.26 1.92  47.7 -0.459 19.79 21.22 02a58070o0554o
58070.464044  22.316  1.884     4    8 o  0   1.65  74.64332  -8.30110  6828.44  1379.15 2.25 1.94  48.3 -0.452 19.77 21.20 02a58070o0569o
58070.471371  21.365  0.934    10   10 o  0   0.71  74.64332  -8.30110  6769.83  1302.16 2.23 1.89  49.2 -0.465 19.77 21.17 02a58070o0584o
58070.479142 -21.546  0.892    -9    8 o  0   1.67  74.64332  -8.30110  6748.09  1421.56 2.18 1.87  50.5 -0.463 19.79 21.17 02a58070o0599o
58072.444943 -20.833  0.798   -17   13 o  0   0.86  74.64332  -8.30110  2123.46   914.66 3.15 2.89  65.3 -0.441 19.38 21.12 01a58072o0552o
58072.452971  20.524  0.568    22   13 o  0   1.11  74.64332  -8.30110  2099.13   847.47 3.20 2.86  73.4 -0.447 19.37 21.14 01a58072o0569o
58072.461040 -19.995  0.321   -36   12 o  0   1.08  74.64332  -8.30110  2155.90   897.42 3.04 2.79  70.3 -0.453 19.41 21.13 01a58072o0586o
58072.469173  22.342  2.955     4   12 o  0   0.90  74.64332  -8.30110  2172.81   749.52 3.07 2.81  63.3 -0.449 19.40 21.13 01a58072o0603o
58072.474966 -21.418  1.214   -10   12 o  0   1.11  74.64332  -8.30110  4400.26 10430.10 2.91 2.65  88.9 -0.463 19.41 21.04 01a58072o0615o
58074.459093  23.253  4.385     2    8 c  0   1.13  74.64332  -8.30110  8312.24  2712.99 2.85 2.39  56.6 -0.416 19.70 21.55 02a58074o0452c
58074.468161  21.278  0.822    11    9 c  0   0.98  74.64332  -8.30110  8329.24  2754.71 2.94 2.51  57.4 -0.419 19.70 21.53 02a58074o0469c
58074.476675 -23.866 10.000    -1   10 c  0   1.25  74.64332  -8.30110  8269.70  2679.57 3.22 2.66  59.6 -0.404 19.64 21.54 02a58074o0486c
58074.486171 -21.153  0.646   -13    8 c  0   1.43  74.64332  -8.30110  8253.56  2795.60 2.95 2.53  59.7 -0.418 19.66 21.54 02a58074o0503c
58076.444989  17.305  0.864   434  375 o  0   0.91  74.64332  -8.30110  4064.35  7071.68 4.08 3.17  -3.5 -0.432 15.76 17.27 01a58076o0474o
58076.461524  12.912  0.376 24846 9335 o  0   1.10  74.64332  -8.30110  4098.02  7049.51 2.72 2.60 -82.2 -0.407 16.40 18.63 01a58076o0508o
58078.449496  20.651  0.368    20    7 c  0   1.34  74.64332  -8.30110  7585.23  2458.37 2.58 2.41  45.2 -0.439 19.83 21.73 02a58078o0550c
58078.458581 -22.082  1.200    -5    6 c  0   1.40  74.64332  -8.30110  7601.45  2499.92 2.62 2.43  56.2 -0.446 19.81 21.73 02a58078o0567c
58078.476247 -22.244  1.600    -5    7 c  0   1.13  74.64332  -8.30110  7523.51  2539.21 2.65 2.40  58.8 -0.443 19.81 21.78 02a58078o0601c
58080.433699 -21.895  2.074    -6   13 o  0   1.23  74.64332  -8.30110  1544.47  9785.63 3.38 3.23  69.9 -0.416 19.25 21.10 01a58080o0510o
58080.435945  17.361  0.753   413  311 o  0   0.18  74.64332  -8.30110  8979.40    34.57 3.73 3.18  81.0 -0.460 19.25 21.04 01a58080o0514o
58080.442515 -22.035  2.148    -6   12 o  0   1.23  74.64332  -8.30110  1522.34  9714.42 3.37 2.77 -86.7 -0.452 19.33 21.09 01a58080o0527o
58080.450912 -22.690  4.333    -3   13 o  0   0.96  74.64332  -8.30110  1580.01  9761.07 3.34 2.74  85.2 -0.449 19.39 21.16 01a58080o0544o
58080.459025 -22.945  5.750    -2   14 o  0   1.04  74.64332  -8.30110  1598.32  9612.62 3.23 2.81 -88.8 -0.445 19.41 21.20 01a58080o0561o
58082.427715  14.864  0.949  4116 3908 c  0   1.24  74.64332  -8.30110  8723.95   172.91 3.07 2.49  52.4 -0.415 13.21 14.81 02a58082o0515c
58082.437922 -17.858  2.219  -261  579 c  0   1.08  74.64332  -8.30110  1228.10  9905.91 3.09 2.66  40.1 -0.403 15.27 16.84 02a58082o0536c
58082.444073  20.606  1.375    21   29 c  0   1.05  74.64332  -8.30110  8689.46   135.49 3.15 2.69  51.2 -0.361 18.73 20.41 02a58082o0549c
58082.445981  19.888  0.970    40   39 c  0   0.78  74.64332  -8.30110  1169.85  9830.34 2.89 2.49  33.4 -0.409 18.07 19.69 02a58082o0553c
58084.407105  18.651  4.129   126  519 o  0   1.15  74.64332  -8.30110  1130.59   885.05 3.20 2.68  78.0 -0.502 15.36 16.08 01a58084o0294o
58084.414230 -18.638  1.321  -127  168 o  0   0.99  74.64332  -8.30110  1108.05   820.92 3.38 2.84  79.0 -0.480 16.89 17.70 01a58084o0309o
58084.421342 -21.107  5.824   -13   76 o  0   1.11  74.64332  -8.30110  1166.49   873.88 3.31 2.75  77.8 -0.481 17.50 18.60 01a58084o0324o
58084.426675 -18.521  1.160  -142  164 o  0   1.03  74.64332  -8.30110  3398.66 10470.93 3.06 2.74 -87.8 -0.436 16.66 17.65 01a58084o0335o
58084.428570  16.716  0.852   747  637 o  0   1.00  74.64332  -8.30110  1182.97   730.01 3.23 2.56  75.9 -0.493 15.29 16.21 01a58084o0339o
58092.417485  21.031  3.406    14   48 o  0   1.01  74.64332  -8.30110  2240.06  9093.98 3.30 2.83 -87.0 -0.442 18.43 19.29 01a58092o0502o
58092.426845  19.902  1.102    40   44 o  0   1.02  74.64332  -8.30110  2220.99  9019.36 3.24 2.99  83.9 -0.443 18.44 19.28 01a58092o0519o
58092.436192 -22.775 12.769    -3   36 o  0   1.48  74.64332  -8.30110  2278.43  9060.55 3.43 2.92  89.2 -0.433 18.35 19.22 01a58092o0536o
58092.445738 -20.362  1.155   -26   30 o  0   1.06  74.64332  -8.30110  8102.69  1361.66 3.45 2.97 -88.3 -0.439 18.50 19.40 01a58092o0553o
58096.405060  23.469 10.857     2   16 o  0   1.20  74.64332  -8.30110  2436.95   171.16 3.28 3.00  70.0 -0.417 19.18 20.66 01a58096o0483o
58096.411513  25.548 79.000     0   17 o  0   0.93  74.64332  -8.30110  5720.36   425.79 3.27 3.09  80.4 -0.429 19.10 20.61 01a58096o0495o
58096.412904  20.846  1.056    17   18 o  0   1.06  74.64332  -8.30110  7971.55 10158.02 3.60 2.94 -81.8 -0.435 19.16 20.62 01a58096o0498o
58096.419556  20.891  0.944    16   15 o  0   1.43  74.64332  -8.30110  5744.53   495.96 3.31 3.11 -88.1 -0.422 19.11 20.60 01a58096o0510o
58096.421334 -21.761  2.793    -7   20 o  0   0.82  74.64332  -8.30110  7917.37 10111.74 3.77 3.03 -81.5 -0.421 19.11 20.60 01a58096o0513o
58096.428001 -21.948  2.913    -6   18 o  0   1.01  74.64332  -8.30110  5691.16   451.36 3.57 3.42 -86.8 -0.416 19.00 20.56 01a58096o0525o
58096.429788 -20.778  1.000   -18   18 o  0   0.87  74.64332  -8.30110  7904.47 10263.74 3.73 3.17 -85.0 -0.425 19.07 20.63 01a58096o0528o
58096.436448  20.935  0.959    15   15 o  0   1.15  74.64332  -8.30110  5676.24   603.98 3.12 3.03  84.1 -0.437 19.17 20.71 01a58096o0540o
58098.404502 -20.288  0.490   -28   14 o  0   0.86  74.64332  -8.30110   322.75   427.31 2.60 1.89  29.7 -0.598 19.65 21.12 02a58098o0476o
58098.410197 -21.298  1.165   -11   13 o  0   0.94  74.64332  -8.30110  2461.90 10169.52 2.41 1.90  17.3 -0.485 19.72 21.19 02a58098o0488o
58098.411583  22.153  2.632     5   13 o  0   1.24  74.64332  -8.30110   303.71   388.85 2.47 1.77  30.5 -0.588 19.76 21.20 02a58098o0491o
58098.412039  24.172 15.667     1   12 o  0   1.01  74.64332  -8.30110  9967.14   463.76 2.41 2.03  30.7 -0.472 19.71 21.15 02a58098o0492o
58098.417238  20.964  0.718    15   11 o  0   1.17  74.64332  -8.30110  2443.31 10131.44 2.35 1.86  20.7 -0.475 19.74 21.24 02a58098o0503o
58098.418623  25.327 46.500     0   12 o  0   1.59  74.64332  -8.30110   363.78   469.91 2.42 1.75  29.8 -0.607 19.69 21.20 02a58098o0506o
58098.419079 -23.082  5.625    -2   12 o  0   1.30  74.64332  -8.30110  9949.33   426.27 2.37 1.99  32.2 -0.467 19.64 21.13 02a58098o0507o
58098.425122 -21.152  0.950   -13   12 o  0   1.16  74.64332  -8.30110  2496.97 10207.19 2.37 1.88  21.4 -0.487 19.65 21.07 02a58098o0518o
58098.426806 -20.992  1.031   -15   15 o  0   1.04  74.64332  -8.30110   379.59   349.97 2.48 1.75  30.9 -0.637 19.61 21.04 02a58098o0521o
58098.427262 -21.678  1.909    -8   15 o  0   1.11  74.64332  -8.30110 10004.60   502.59 2.36 2.04  27.9 -0.478 19.61 21.00 02a58098o0522o
58098.433283  21.094  0.823    13   11 o  0   1.07  74.64332  -8.30110  2516.58 10090.81 2.36 1.88  13.1 -0.484 19.74 21.16 02a58098o0533o
58098.435309 -22.432  3.393    -4   13 o  0   1.28  74.64332  -8.30110   446.38 10048.46 2.82 1.90  41.3 -0.484 19.71 21.14 02a58098o0537o
58100.402411 -20.685  0.606   -19   12 o  0   0.97  74.64332  -8.30110  6648.83  1699.22 3.22 2.91 -87.0 -0.427 19.43 21.36 01a58100o0484o
58100.410789 -21.049  0.788   -14   11 o  0   1.15  74.64332  -8.30110  6673.78  1771.39 3.24 2.96 -87.1 -0.423 19.44 21.41 01a58100o0499o
58100.419210  21.620  1.366     8   11 o  0   0.94  74.64332  -8.30110  6619.65  1726.96 3.16 2.88  89.5 -0.425 19.48 21.45 01a58100o0514o
58100.427870 -21.115  0.879   -13   11 o  0   0.97  74.64332  -8.30110  6605.44  1879.11 3.10 2.87 -88.0 -0.435 19.46 21.49 01a58100o0529o
58110.380516  22.245  1.857     5    8 c  0   1.07  74.64332  -8.30110  3030.44  9057.56 2.59 2.43   6.8 -0.429 19.80 21.78 02a58110o0395c
58110.408196 -21.725  1.328    -7   10 c  0   0.94  74.64332  -8.30110  3088.60  8977.05 2.55 2.42  -2.3 -0.424 19.82 21.74 02a58110o0446c
58112.358619 -20.619  0.674   -20   14 o  0   0.94  74.64332  -8.30110  2051.19  9049.39 3.20 3.13 -82.9 -0.418 19.30 21.09 01a58112o0368o
58112.366817 -23.016  5.100    -2   12 o  0   1.51  74.64332  -8.30110  8360.70  1285.42 3.48 2.97 -85.6 -0.435 19.37 21.13 01a58112o0383o
58112.375355  21.761  2.032     7   15 o  0   0.91  74.64332  -8.30110  8306.76  1241.23 3.52 3.02 -84.4 -0.431 19.37 21.17 01a58112o0398o
58112.382587  21.404  1.429    10   14 o  0   1.02  74.64332  -8.30110  2105.74  8879.66 3.90 3.49   1.4 -0.385 19.18 21.22 01a58112o0413o
58116.366855 -19.938  0.692   -38   27 o  0   1.26  74.64332  -8.30110  7841.58 10431.13 4.17 3.31 -76.9 -0.394 18.61 19.71 01a58116o0361o
58116.370648  21.435  2.611    10   25 o  0   0.99  74.64332  -8.30110  5611.52   758.63 3.73 3.39  85.4 -0.401 18.52 19.74 01a58116o0369o
58116.375027  21.872 26.864     6  174 o  0   0.05  74.64332  -8.30110  7866.63 10503.87 4.19 3.34 -77.8 -0.394 18.52 19.71 01a58116o0378o
58116.378849 -21.112  1.627   -13   21 o  0   1.02  74.64332  -8.30110  5635.76   830.76 3.36 3.01  87.8 -0.431 18.61 19.75 01a58116o0386o
58116.383156  20.399  1.137    25   29 o  0   0.99  74.64332  -8.30110  7810.83 10458.67 3.96 3.15 -77.8 -0.408 18.64 19.71 01a58116o0395o
58116.386939  25.470 98.000     0   23 o  0   1.29  74.64332  -8.30110  5581.13   786.73 3.42 3.18  82.8 -0.425 18.60 19.73 01a58116o0403o
58116.396393 -20.480  1.037   -23   24 o  0   0.94  74.64332  -8.30110  5570.13   940.29 3.36 2.91 -86.7 -0.437 18.62 19.74 01a58116o0420o
58118.369695  18.158  0.566   198  112 o  0   1.66  74.64332  -8.30110  3563.33  6899.98 2.05 1.96  -7.2 -0.562 17.48 17.47 02a58118o0138o
58118.378259  20.199  2.107    30   64 o  0   2.40  74.64332  -8.30110  3546.86  6864.48 2.06 2.03 -16.4 -0.504 17.84 17.99 02a58118o0155o
58118.387162 -20.997  2.238   -14   32 o  0   1.09  74.64332  -8.30110  3600.37  6941.09 2.11 1.97 -12.9 -0.490 18.56 18.78 02a58118o0172o
58118.396247 -19.707  0.609   -48   29 o  0   1.02  74.64332  -8.30110  3618.95  6824.36 2.01 1.94 -26.5 -0.497 18.59 18.78 02a58118o0189o
58120.414749 -19.988  1.045   -37   38 o  0   1.04  74.64332  -8.30110  8628.52  1268.69 3.50 2.59 -85.9 -0.476 18.26 18.90 01a58120o0486o
58120.422963 -19.990  1.107   -37   41 o  0   1.05  74.64332  -8.30110  8650.73  1339.27 3.71 2.79 -86.9 -0.456 18.16 18.84 01a58120o0503o
58120.432276 -19.513  0.695   -57   40 o  0   1.40  74.64332  -8.30110  8598.69  1300.16 3.72 2.90 -86.7 -0.454 18.14 18.79 01a58120o0520o
58120.441854  20.671  2.464    20   48 o  0   0.71  74.64332  -8.30110  8583.65  1456.49 3.70 2.82 -89.1 -0.461 18.11 18.75 01a58120o0537o
58122.369544 -20.423  0.960   -25   24 o  0   0.99  74.64332  -8.30110  1640.11   132.93 3.14 2.66  35.0 -0.475 18.80 19.65 02a58122o0386o
58122.375376 -19.843  0.627   -42   26 o  0   1.08  74.64332  -8.30110  3790.36  9857.93 3.04 2.77  21.2 -0.447 18.82 19.74 02a58122o0398o
58122.377753 -20.968  1.658   -15   25 o  0   1.03  74.64332  -8.30110  1623.56    93.98 3.33 2.75  38.4 -0.431 18.90 19.78 02a58122o0403o
58122.383610 -21.388  2.265   -10   23 o  0   1.20  74.64332  -8.30110  3774.10  9819.04 3.16 2.93  26.3 -0.436 18.79 19.76 02a58122o0415o
58122.386030  21.561  2.821     9   24 o  0   0.97  74.64332  -8.30110  1684.96   174.07 3.44 2.90  39.0 -0.420 18.81 19.79 02a58122o0420o
58122.392208  19.460  0.628    60   38 o  0   1.47  74.64332  -8.30110  3833.55  9898.18 3.22 3.00  15.1 -0.438 18.48 19.39 02a58122o0432o
58122.394630  21.198  7.864    12   95 o  0   0.52  74.64332  -8.30110  1705.47    55.98 3.41 2.86  38.2 -0.425 17.94 18.56 02a58122o0437o
58122.400419  19.553  0.919    55   50 o  0   1.37  74.64332  -8.30110  3855.42  9780.85 3.06 2.85  19.0 -0.462 18.02 18.69 02a58122o0449o
58124.364934 -21.177  1.309   -12   16 o  0   0.95  74.64332  -8.30110  5471.23  1119.52 2.85 2.83  69.6 -0.458 19.18 20.62 01a58124o0369o
58124.373140  23.417  8.667     2   14 o  0   1.29  74.64332  -8.30110  5494.52  1192.23 2.80 2.72 -87.1 -0.472 19.16 20.58 01a58124o0386o
58124.381441 -20.552  0.678   -22   15 o  0   1.23  74.64332  -8.30110  5420.93  1149.07 3.00 2.83 -89.9 -0.451 19.09 20.52 01a58124o0403o
58124.389728  21.522  1.604     9   14 o  0   1.24  74.64332  -8.30110  5405.35  1299.90 3.00 2.77  87.5 -0.453 19.10 20.48 01a58124o0420o
58128.357003  22.092  3.583     5   19 o  0   0.99  74.64332  -8.30110  8292.59  9527.13 5.79 4.02 -78.3 -0.283 19.18 20.97 01a58128o0237o
58128.365168 -21.004  1.312   -14   19 o  0   1.18  74.64332  -8.30110  8316.39  9599.82 5.82 4.06 -77.2 -0.287 19.16 21.03 01a58128o0254o
58128.373323 -20.479  0.778   -23   18 o  0   1.22  74.64332  -8.30110  8260.92  9554.30 5.73 3.93 -77.9 -0.294 19.20 21.05 01a58128o0271o
58128.381492  20.739  1.000    18   18 o  0   1.22  74.64332  -8.30110  8246.45  9705.12 5.84 4.02 -75.7 -0.289 19.19 21.02 01a58128o0288o
58128.387309  17.398  0.755   399  301 o  0   0.19  74.64332  -8.30110  6020.89    38.46 3.18 2.85  87.1 -0.465 19.17 21.03 01a58128o0300o
58130.361391  22.513  3.000     4   11 o  0   0.83  74.64332  -8.30110  1386.05  7158.93 2.39 2.11  27.7 -0.464 19.68 21.28 02a58130o0360o
58130.370259  21.084  0.710    13   10 o  0   1.69  74.64332  -8.30110  1368.88  7119.16 2.25 1.97  20.6 -0.465 19.72 21.27 02a58130o0377o
58130.379535  21.573  1.240     8   11 o  0   1.05  74.64332  -8.30110  1428.47  7197.08 2.27 2.05  22.9 -0.477 19.73 21.29 02a58130o0394o
58130.388089 -22.670  3.333    -3   10 o  0   1.11  74.64332  -8.30110  1451.26  7080.11 2.31 2.04  19.9 -0.465 19.69 21.36 02a58130o0411o
58132.386252  20.746  1.216    18   22 o  0   0.90  74.64332  -8.30110  8956.82  9845.56 6.14 4.24 -75.4 -0.275 19.26 21.15 01a58132o0340o
58132.391990 -25.674 66.000    -0   13 o  0   0.94  74.64332  -8.30110  6745.53   150.48 3.17 2.68  87.0 -0.474 19.22 21.11 01a58132o0352o
58132.396323 -22.934  8.600    -2   21 o  0   0.99  74.64332  -8.30110  8981.06  9925.09 6.11 4.12 -75.9 -0.291 19.23 21.11 01a58132o0361o
58132.402035  21.429  1.380    10   13 o  0   1.18  74.64332  -8.30110  6768.00   230.43 3.18 2.63  86.2 -0.485 19.24 21.14 01a58132o0373o
58132.406382 -20.458  0.894   -24   21 o  0   0.92  74.64332  -8.30110  8926.09  9886.29 6.21 4.28 -75.5 -0.272 19.19 21.12 01a58132o0382o
58132.412067 -20.544  0.590   -22   13 o  0   1.17  74.64332  -8.30110  6713.99   210.98 3.27 2.78  87.7 -0.469 19.12 21.02 01a58132o0394o
58132.416535 -22.340  5.250    -4   22 o  0   0.98  74.64332  -8.30110  8912.61 10043.39 6.29 4.40 -75.5 -0.265 19.13 20.96 01a58132o0403o
58132.422247 -21.221  1.127   -12   13 o  0   0.91  74.64332  -8.30110  6698.18   368.07 3.37 2.77  88.1 -0.466 19.08 20.88 01a58132o0415o
58134.410843  21.476  0.985     9    9 c  0   1.16  74.64332  -8.30110  2903.73  9692.79 2.62 2.35   6.8 -0.444 19.77 21.75 02a58134o0458c
58134.420820 -21.360  1.000   -10   10 c  0   1.20  74.64332  -8.30110  2886.19  9652.52 2.83 2.64   1.4 -0.449 19.63 21.73 02a58134o0479c
58134.430776 -24.091 12.833    -1   11 c  0   1.38  74.64332  -8.30110  2944.85  9730.19 2.61 2.35   2.6 -0.445 19.71 21.72 02a58134o0500c
58134.440850 -22.322  2.367    -4   10 c  0   1.17  74.64332  -8.30110  2967.59  9612.33 2.65 2.34   5.3 -0.451 19.71 21.68 02a58134o0521c
58136.384766 -20.785  0.631   -18   11 o  0   1.38  74.64332  -8.30110  5387.49  1609.03 3.28 2.90  89.4 -0.439 19.29 21.26 01a58136o0409o
58136.394867 -22.110  2.304    -5   12 o  0   1.25  74.64332  -8.30110  5429.41  1687.31 3.45 2.98  89.5 -0.431 19.20 21.23 01a58136o0430o
58136.404923 -22.712  4.077    -3   12 o  0   1.22  74.64332  -8.30110  5355.69  1648.45 3.47 3.02  89.0 -0.430 19.13 21.08 01a58136o0451o
58136.415143 -21.727  1.594    -7   12 o  0   1.47  74.64332  -8.30110  5340.39  1803.28 3.49 2.98 -88.5 -0.437 19.14 21.05 01a58136o0472o
58140.365172 -21.227  1.088   -12   13 o  0   0.90  74.64332  -8.30110  8596.86  2206.17 3.48 2.63 -87.5 -0.450 19.42 21.15 01a58140o0025o
58140.374317 -20.877  0.923   -16   15 o  0   0.71  74.64332  -8.30110  8543.56  2166.58 3.64 2.75 -88.5 -0.440 19.23 21.00 01a58140o0044o
58140.383271 -21.295  1.039   -11   12 o  0   1.46  74.64332  -8.30110  8528.20  2318.97 3.55 2.69 -85.0 -0.448 19.36 21.16 01a58140o0063o
58148.361570 -20.215  1.138   -30   34 o  0   1.58  74.64332  -8.30110  8833.76   934.01 3.94 2.87 -90.0 -0.460 18.20 19.08 01a58148o0327o
58148.370122  22.042  7.000     6   39 o  0   1.05  74.64332  -8.30110  8856.68  1007.04 4.12 2.99  89.8 -0.456 18.18 19.06 01a58148o0345o
58148.378165 -19.685  0.726   -48   35 o  0   1.24  74.64332  -8.30110  8801.08   960.35 4.09 2.94  88.8 -0.449 18.15 19.05 01a58148o0362o
58148.386699 -20.030  1.093   -35   39 o  0   1.13  74.64332  -8.30110  8783.71  1110.09 4.07 3.00 -89.6 -0.450 18.10 19.00 01a58148o0380o
58150.340949 -20.340  1.690   -26   45 o  0   1.59  74.64332  -8.30110  4428.26  6671.62 2.32 2.11  16.6 -0.526 17.98 18.32 02a58150o0024o
58150.348728  17.018  1.449   566  821 o  0   0.99  74.64332  -8.30110  4412.81  6630.18 2.16 1.95  24.7 -0.476 15.12 15.18 02a58150o0039o
58152.363082 -21.806  3.233    -7   22 o  0   1.01  74.64332  -8.30110  5279.40  1324.24 3.28 3.16  57.0 -0.429 18.61 19.91 01a58152o0138o
58152.372064 -19.674  0.464   -49   23 o  0   0.96  74.64332  -8.30110  5301.65  1396.82 3.20 2.92  81.0 -0.446 18.65 19.86 01a58152o0157o
58152.381259 -22.507  5.667    -4   20 o  0   0.98  74.64332  -8.30110  5245.98  1353.08 3.06 2.87  80.8 -0.453 18.58 19.81 01a58152o0176o
58152.390346  21.739  2.971     7   22 o  0   1.26  74.64332  -8.30110  5229.25  1502.87 3.13 3.03  64.5 -0.438 18.59 19.76 01a58152o0195o
58156.337028 -21.361  2.188   -10   23 o  0   0.94  74.64332  -8.30110  8870.47 10406.55 6.91 5.07 -74.8 -0.198 18.97 21.05 01a58156o0237o
58156.342607 -20.637  0.824   -20   17 o  0   1.26  74.64332  -8.30110  6633.63   710.53 4.39 4.04  71.8 -0.389 18.82 21.04 01a58156o0249o
58156.346886 -19.807  0.629   -43   27 o  0   1.04  74.64332  -8.30110  8894.31 10484.75 7.01 5.44 -72.8 -0.186 18.88 21.00 01a58156o0258o
58156.352566  21.852  3.077     7   20 o  0   1.15  74.64332  -8.30110  6675.03   787.59 5.00 4.57 -86.9 -0.375 18.66 20.94 01a58156o0270o
58156.356857 -20.617  1.179   -21   24 o  0   1.06  74.64332  -8.30110  8839.23 10444.60 7.08 5.54 -72.5 -0.195 18.78 20.94 01a58156o0279o
58156.362531  19.945  0.584    38   22 o  0   0.97  74.64332  -8.30110  6601.64   748.32 4.80 4.73 -72.7 -0.350 18.58 20.91 01a58156o0291o
58156.372563 -21.534  1.871    -9   16 o  0   1.24  74.64332  -8.30110  6584.84   902.88 3.80 3.19  88.1 -0.425 18.85 20.82 01a58156o0312o
58160.338711 -20.110  0.422   -33   14 o  0   0.97  74.64332  -8.30110  5170.02  3318.89 3.45 2.82  88.2 -0.422 19.17 20.83 01a58160o0294o
58160.348554 -19.700  0.272   -48   13 o  0   1.37  74.64332  -8.30110  5192.35  3394.85 3.40 2.77  89.5 -0.419 19.14 20.80 01a58160o0315o
58160.358485 -21.307  1.255   -11   14 o  0   1.10  74.64332  -8.30110  5117.30  3353.87 3.33 2.66 -89.7 -0.432 19.17 20.84 01a58160o0336o
58160.368491  21.031  0.850    14   12 o  0   1.42  74.64332  -8.30110  5101.63  3505.89 3.59 2.95  87.8 -0.408 19.07 20.85 01a58160o0357o
58164.330632 -20.587  0.655   -21   14 o  0   1.12  74.64332  -8.30110  6261.01  3150.02 3.69 2.99  88.6 -0.422 19.17 20.99 01a58164o0275o
58164.340465 -20.866  0.761   -16   12 o  0   1.05  74.64332  -8.30110  6283.78  3225.26 3.53 3.02 -86.3 -0.402 19.18 21.00 01a58164o0296o
58164.350438 -23.471 10.167    -2   15 o  0   0.91  74.64332  -8.30110  6228.99  3183.25 3.66 3.09 -89.5 -0.406 19.09 20.94 01a58164o0317o
58164.360378  23.812 13.750     1   15 o  0   1.18  74.64332  -8.30110  6212.59  3334.09 3.69 3.45 -73.9 -0.374 19.04 20.92 01a58164o0338o
58180.246243  16.178  1.079  1227 1325 o  0   0.95  74.64332  -8.30110  8491.47   685.85 3.89 3.61  81.9 -0.403 14.57 15.53 01a58180o0059o
58184.300603 -21.362  1.372   -10   14 o  0   1.16  74.64332  -8.30110  6412.05  1194.87 3.64 2.86  88.7 -0.450 19.00 20.91 01a58184o0177o
58184.309375 -20.487  0.560   -23   13 o  0   1.28  74.64332  -8.30110  6434.35  1265.32 3.55 2.77  88.5 -0.468 19.06 20.91 01a58184o0196o
58184.318669 -22.438  3.875    -4   15 o  0   1.21  74.64332  -8.30110  6378.06  1218.56 3.62 2.84  86.7 -0.453 19.02 20.89 01a58184o0216o
58184.328421 -21.599  1.857    -8   16 o  0   1.22  74.64332  -8.30110  6361.13  1367.21 3.55 2.82  88.5 -0.459 18.95 20.82 01a58184o0237o
58186.301317 -17.903  0.707  -250  177 o  0   1.09  74.64332  -8.30110  4115.36  7241.76 2.40 1.97  22.5 -0.494 16.30 17.31 02a58186o0170o
58186.310580  19.687  1.811    48   88 o  0   1.39  74.64332  -8.30110  4098.16  7202.02 2.44 1.99  24.7 -0.482 17.09 18.20 02a58186o0190o
58186.319850  18.617  5.667   130  736 o  0   1.06  74.64332  -8.30110  4157.07  7278.53 2.40 1.95  22.1 -0.485 14.99 16.04 02a58186o0210o
58188.293820  21.272  1.718    11   19 o  0   0.98  74.64332  -8.30110  7145.47  1787.54 3.43 2.66 -88.6 -0.465 18.77 20.32 01a58188o0181o
58188.303033 -18.434  0.427  -154   66 o  0   1.37  74.64332  -8.30110  7164.78  1858.56 3.64 2.76  88.4 -0.448 17.42 19.01 01a58188o0201o
58188.312265 -17.756  0.619  -287  178 o  0   0.96  74.64332  -8.30110  7109.92  1811.48 3.51 2.66  89.9 -0.466 16.32 17.89 01a58188o0221o
58188.321528 -19.330  0.739   -67   50 o  0   1.21  74.64332  -8.30110  7092.35  1957.57 3.58 2.71  88.9 -0.451 17.73 19.25 01a58188o0241o
58204.278655 -18.952  0.377   -95   36 o  0   1.04  74.64332  -8.30110  5593.82  2630.39 3.93 3.66  -6.7 -0.390 18.16 19.35 01a58204o0006o
58204.287153 -19.870  0.728   -41   30 o  0   1.36  74.64332  -8.30110  5578.00  2772.22 3.94 3.82 -11.9 -0.357 18.05 19.27 01a58204o0024o
58206.259617  21.058  1.809    14   25 o  0   0.85  74.64332  -8.30110  2059.49  6959.40 2.11 1.79  16.3 -0.529 18.73 19.15 02a58206o0102o
58206.268110 -20.184  0.716   -31   22 o  0   1.25  74.64332  -8.30110  2038.45  6920.99 2.12 1.86  17.8 -0.507 18.71 19.11 02a58206o0120o
58206.276741 -19.626  0.473   -51   24 o  0   1.34  74.64332  -8.30110  2095.17  6999.40 2.16 1.84  14.4 -0.515 18.58 19.05 02a58206o0138o
58206.284422  19.735  0.465    46   22 o  0   2.15  74.64332  -8.30110  2116.83  6882.47 2.16 1.85  14.6 -0.504 18.55 18.97 02a58206o0154o
58208.247627  21.760  9.647     7   69 o  0   1.05  74.64332  -8.30110   721.29 10454.26 4.22 3.97 -55.7 -0.401 17.74 18.70 01a58208o0006o
58220.224270  18.502  0.569   144   82 o  0   1.17  74.64332  -8.30110  6816.33  1122.85 3.45 3.00  -0.9 -0.420 17.31 17.47 01a58220o0019o
58220.227528 -18.913  0.452   -99   45 o  0   0.96  74.64332  -8.30110  6834.91  1171.10 3.34 2.97  -7.4 -0.426 17.93 18.41 01a58220o0026o
58220.233704 -20.505  1.039   -23   24 o  0   0.74  74.64332  -8.30110  6775.86  1111.23 3.07 2.99 -80.9 -0.445 18.57 19.64 01a58220o0039o
58220.242235 -20.796  1.184   -17   21 o  0   1.01  74.64332  -8.30110  6757.50  1254.03 3.16 2.99 -88.4 -0.435 18.83 20.04 01a58220o0057o