#instrument     mjdstart    exp    flt flux   unc    sig
P200/CHIMERA    59971.19281  50.00 r   -1.11  3.06  -0.36 
P200/CHIMERA    59971.19339  50.00 r    2.33  2.27   1.03 
P200/CHIMERA    59971.19397  50.00 r    1.70  2.64   0.64 
P200/CHIMERA    59971.19455  50.00 r    2.10  2.94   0.71 
P200/CHIMERA    59971.19513  50.00 r    0.61  5.05   0.12 
P200/CHIMERA    59971.19571  50.00 r    1.19  3.02   0.39 
P200/CHIMERA    59971.19628  50.00 r    2.28  2.91   0.78 
P200/CHIMERA    59971.19686  50.00 r   -0.00  2.84  -0.00 
P200/CHIMERA    59971.19744  50.00 r    0.99  3.17   0.31 
P200/CHIMERA    59971.19802  50.00 r    4.19  3.83   1.09 
P200/CHIMERA    59971.19876  50.00 r    1.33  3.23   0.41 
P200/CHIMERA    59971.19934  50.00 r    1.73  3.42   0.51 
P200/CHIMERA    59971.19992  50.00 r    3.36  2.75   1.22 
P200/CHIMERA    59971.20050  50.00 r    0.66  2.58   0.25 
P200/CHIMERA    59971.20108  50.00 r   -1.05  2.56  -0.41 
P200/CHIMERA    59971.20166  50.00 r   -0.32  2.78  -0.12 
P200/CHIMERA    59971.20223  50.00 r    2.46  2.71   0.91 
P200/CHIMERA    59971.20281  50.00 r   -1.01  3.62  -0.28 
P200/CHIMERA    59971.20339  50.00 r    1.76  3.38   0.52 
P200/CHIMERA    59971.20397  50.00 r    0.95  2.89   0.33 
P200/CHIMERA    59971.20459  50.00 r    2.57  3.15   0.82 
P200/CHIMERA    59971.20517  50.00 r    2.03  2.87   0.71 
P200/CHIMERA    59971.20575  50.00 r    3.88  2.48   1.56 
P200/CHIMERA    59971.20633  50.00 r   -1.75  3.07  -0.57 
P200/CHIMERA    59971.20691  50.00 r    3.44  2.73   1.26 
P200/CHIMERA    59971.20748  50.00 r    3.91  2.93   1.33 
P200/CHIMERA    59971.20806  50.00 r    1.88  2.68   0.70 
P200/CHIMERA    59971.20864  50.00 r    1.50  2.76   0.54 
P200/CHIMERA    59971.20922  50.00 r   -0.99  3.00  -0.33 
P200/CHIMERA    59971.20980  50.00 r    0.11  3.04   0.04 
P200/CHIMERA    59971.21042  50.00 r   -1.61  2.87  -0.56 
P200/CHIMERA    59971.21100  50.00 r    1.67  2.85   0.59 
P200/CHIMERA    59971.21158  50.00 r    4.30  2.98   1.44 
P200/CHIMERA    59971.21216  50.00 r    3.25  3.63   0.90 
P200/CHIMERA    59971.21273  50.00 r    6.09  3.17   1.92 
P200/CHIMERA    59971.21331  50.00 r   -0.56  3.10  -0.18 
P200/CHIMERA    59971.21389  50.00 r    1.62  3.45   0.47 
P200/CHIMERA    59971.21447  50.00 r    5.35  5.00   1.07 
P200/CHIMERA    59971.21505  50.00 r   13.80  6.94   1.99 
P200/CHIMERA    59971.21563  50.00 r   -6.10  4.90  -1.24 
P200/CHIMERA    59971.21625  50.00 r    3.92  5.58   0.70 
P200/CHIMERA    59971.21683  50.00 r   10.50  7.48   1.40 
P200/CHIMERA    59971.21741  50.00 r   -2.34  7.13  -0.33 
P200/CHIMERA    59971.21798  50.00 r    0.73  3.52   0.21 
P200/CHIMERA    59971.21856  50.00 r    0.30  4.16   0.07 
P200/CHIMERA    59971.21914  50.00 r    1.56  4.18   0.37 
P200/CHIMERA    59971.21972  50.00 r    1.25  3.87   0.32 
P200/CHIMERA    59971.22030  50.00 r    1.20  4.00   0.30 
P200/CHIMERA    59971.22088  50.00 r    3.81  3.42   1.11 
P200/CHIMERA    59971.22146  50.00 r    1.69  3.04   0.56 
P200/CHIMERA    59971.22208  50.00 r    3.61  3.23   1.12 
P200/CHIMERA    59971.22266  50.00 r    2.31  3.14   0.74 
P200/CHIMERA    59971.22323  50.00 r    4.39  3.49   1.26 
P200/CHIMERA    59971.22381  50.00 r    1.33  3.19   0.42 
P200/CHIMERA    59971.22439  50.00 r    9.13  3.58   2.55 
P200/CHIMERA    59971.22497  50.00 r   -0.48  4.50  -0.11 
P200/CHIMERA    59971.22555  50.00 r   -1.61  3.78  -0.43 
P200/CHIMERA    59971.22613  50.00 r   -2.48  2.97  -0.84 
P200/CHIMERA    59971.22671  50.00 r    3.30  3.53   0.93 
P200/CHIMERA    59971.22729  50.00 r    3.91  4.09   0.96 
P200/CHIMERA    59971.22791  50.00 r    2.34  3.30   0.71 
P200/CHIMERA    59971.22848  50.00 r    0.29  3.44   0.09 
P200/CHIMERA    59971.22906  50.00 r    5.55  3.36   1.65 
P200/CHIMERA    59971.22964  50.00 r   -2.72  2.95  -0.92 
P200/CHIMERA    59971.23022  50.00 r    5.53  3.06   1.81 
P200/CHIMERA    59971.23080  50.00 r    3.12  2.92   1.07 
P200/CHIMERA    59971.23138  50.00 r    1.49  2.99   0.50 
P200/CHIMERA    59971.23196  50.00 r    2.54  3.63   0.70 
P200/CHIMERA    59971.23254  50.00 r    4.13  3.34   1.24 
P200/CHIMERA    59971.23311  50.00 r    1.27  2.71   0.47 
P200/CHIMERA    59971.23373  50.00 r    5.32  2.91   1.83 
P200/CHIMERA    59971.23431  50.00 r    7.04  3.03   2.32 
P200/CHIMERA    59971.23489  50.00 r    2.24  3.15   0.71 
P200/CHIMERA    59971.23547  50.00 r   -6.11  3.10  -1.97 
P200/CHIMERA    59971.23605  50.00 r   -2.60  3.20  -0.81 
P200/CHIMERA    59971.23663  50.00 r    1.11  3.25   0.34 
P200/CHIMERA    59971.23721  50.00 r    5.89  3.26   1.81 
P200/CHIMERA    59971.23779  50.00 r   -0.24  3.04  -0.08 
P200/CHIMERA    59971.23836  50.00 r    4.28  4.34   0.99 
P200/CHIMERA    59971.23894  50.00 r    2.70  6.34   0.43 
P200/CHIMERA    59971.23956  50.00 r    1.84  3.27   0.56 
P200/CHIMERA    59971.24014  50.00 r    2.32  2.99   0.78 
P200/CHIMERA    59971.24072  50.00 r    2.64  3.37   0.78 
P200/CHIMERA    59971.24130  50.00 r    2.20  3.11   0.71 
P200/CHIMERA    59971.24188  50.00 r    1.29  2.99   0.43 
P200/CHIMERA    59971.24246  50.00 r    4.29  2.92   1.47 
P200/CHIMERA    59971.24304  50.00 r   -1.52  3.16  -0.48 
P200/CHIMERA    59971.24361  50.00 r    8.33  3.43   2.43 
P200/CHIMERA    59971.24419  50.00 r   -0.25  3.06  -0.08 
P200/CHIMERA    59971.24477  50.00 r    1.32  3.06   0.43 
P200/CHIMERA    59971.24539  50.00 r    6.99  3.25   2.15 
P200/CHIMERA    59971.24597  50.00 r    0.13  2.94   0.05 
P200/CHIMERA    59971.24655  50.00 r    2.37  2.68   0.88 
P200/CHIMERA    59971.24713  50.00 r    2.37  2.92   0.81 
P200/CHIMERA    59971.24771  50.00 r   -0.75  2.90  -0.26 
P200/CHIMERA    59971.24829  50.00 r    0.35  2.96   0.12 
P200/CHIMERA    59971.24886  50.00 r    2.45  2.97   0.82 
P200/CHIMERA    59971.24944  50.00 r    0.28  3.07   0.09 
P200/CHIMERA    59971.25002  50.00 r    1.85  2.99   0.62 
P200/CHIMERA    59971.25060  50.00 r    4.93  3.40   1.45 
P200/CHIMERA    59971.25122  50.00 r    8.60  3.55   2.42 
P200/CHIMERA    59971.25180  50.00 r   -2.91  4.39  -0.66 
P200/CHIMERA    59971.25238  50.00 r    3.14  3.84   0.82 
P200/CHIMERA    59971.25296  50.00 r   -0.75  3.49  -0.22 
P200/CHIMERA    59971.25354  50.00 r   -0.57  3.20  -0.18 
P200/CHIMERA    59971.25411  50.00 r    0.83  3.49   0.24 
P200/CHIMERA    59971.25469  50.00 r   -3.40  3.29  -1.03 
P200/CHIMERA    59971.25527  50.00 r    2.06  3.25   0.63 
P200/CHIMERA    59971.25585  50.00 r   -0.93  3.18  -0.29 
P200/CHIMERA    59971.25643  50.00 r    6.09  3.62   1.68 
P200/CHIMERA    59971.25705  50.00 r    4.74  3.89   1.22 
P200/CHIMERA    59971.25763  50.00 r    1.68  3.38   0.50 
P200/CHIMERA    59971.25821  50.00 r    2.94  3.35   0.88 
P200/CHIMERA    59971.25879  50.00 r    4.12  3.14   1.31 
P200/CHIMERA    59971.25936  50.00 r    5.37  3.46   1.55 
P200/CHIMERA    59971.25994  50.00 r   -2.32  3.89  -0.60 
P200/CHIMERA    59971.26052  50.00 r    0.63  3.66   0.17 
P200/CHIMERA    59971.26110  50.00 r    1.64  3.12   0.53 
P200/CHIMERA    59971.26168  50.00 r    0.31  3.01   0.10 
P200/CHIMERA    59971.26226  50.00 r   -1.65  2.66  -0.62 
P200/CHIMERA    59971.26288  50.00 r   -0.98  3.73  -0.26 
P200/CHIMERA    59971.26346  50.00 r   -0.95  3.03  -0.31 
P200/CHIMERA    59971.26404  50.00 r    5.26  3.51   1.50 
P200/CHIMERA    59971.26461  50.00 r    1.70  3.40   0.50 
P200/CHIMERA    59971.26519  50.00 r   -0.17  3.36  -0.05 
P200/CHIMERA    59971.26577  50.00 r    2.12  3.79   0.56 
P200/CHIMERA    59971.26635  50.00 r   -0.20  3.88  -0.05 
P200/CHIMERA    59971.26693  50.00 r    2.13  3.97   0.54 
P200/CHIMERA    59971.26751  50.00 r    3.33  3.27   1.02 
P200/CHIMERA    59971.26809  50.00 r    3.09  4.01   0.77 
P200/CHIMERA    59971.26871  50.00 r    1.36  3.73   0.36 
P200/CHIMERA    59971.26929  50.00 r    0.57  3.65   0.16 
P200/CHIMERA    59971.26986  50.00 r   -0.33  4.33  -0.08 
P200/CHIMERA    59971.27044  50.00 r    2.20  4.06   0.54 
P200/CHIMERA    59971.27102  50.00 r    8.14  3.52   2.31 
P200/CHIMERA    59971.27160  50.00 r   -0.86  3.40  -0.25 
P200/CHIMERA    59971.27218  50.00 r    0.29  3.59   0.08 
P200/CHIMERA    59971.27276  50.00 r    0.55  3.50   0.16 
P200/CHIMERA    59971.27334  50.00 r   -0.99  3.79  -0.26 
P200/CHIMERA    59971.27392  50.00 r   -0.64  3.85  -0.17 
P200/CHIMERA    59971.27454  50.00 r   -4.28  3.92  -1.09 
P200/CHIMERA    59971.27511  50.00 r    2.16  4.01   0.54 
P200/CHIMERA    59971.27569  50.00 r   -2.46  3.30  -0.75 
P200/CHIMERA    59971.27627  50.00 r    3.86  3.66   1.05 
P200/CHIMERA    59971.27685  50.00 r    4.31  3.66   1.18 
P200/CHIMERA    59971.27743  50.00 r   12.60  3.80   3.32 *
P200/CHIMERA    59971.27801  50.00 r    0.72  4.13   0.18 
P200/CHIMERA    59971.27859  50.00 r    3.02  4.19   0.72 
P200/CHIMERA    59971.27917  50.00 r   -4.48  4.10  -1.09 
P200/CHIMERA    59971.27974  50.00 r   -1.47  4.06  -0.36 
P200/CHIMERA    59971.28036  50.00 r    0.14  3.79   0.04 
P200/CHIMERA    59971.28094  50.00 r   -2.62  3.43  -0.76 
P200/CHIMERA    59971.28152  50.00 r   -2.59  3.10  -0.84 
P200/CHIMERA    59971.28210  50.00 r   -2.83  3.28  -0.86 
P200/CHIMERA    59971.28268  50.00 r   -1.54  3.22  -0.48 
P200/CHIMERA    59971.28326  50.00 r   -1.89  4.29  -0.44 
P200/CHIMERA    59971.28384  50.00 r    4.18  3.32   1.26 
P200/CHIMERA    59971.28442  50.00 r    2.56  3.83   0.67 
P200/CHIMERA    59971.28499  50.00 r    2.26  3.71   0.61 
P200/CHIMERA    59971.28557  50.00 r    5.46  3.35   1.63 
P200/CHIMERA    59971.28619  50.00 r   -1.52  3.74  -0.41 
P200/CHIMERA    59971.28677  50.00 r    0.28  3.83   0.07 
P200/CHIMERA    59971.28735  50.00 r    0.78  2.88   0.27 
P200/CHIMERA    59971.28793  50.00 r   -2.65  3.54  -0.75 
P200/CHIMERA    59971.28851  50.00 r    5.81  3.79   1.53 
P200/CHIMERA    59971.28909  50.00 r    2.37  3.81   0.62 
P200/CHIMERA    59971.28967  50.00 r    0.90  3.93   0.23 
P200/CHIMERA    59971.29024  50.00 r    3.53  4.41   0.80 
P200/CHIMERA    59971.29082  50.00 r   -0.03  3.95  -0.01 
P200/CHIMERA    59971.29140  50.00 r    0.79  3.78   0.21 
P200/CHIMERA    59971.29202  50.00 r    1.52  3.29   0.46 
P200/CHIMERA    59971.29260  50.00 r   -0.06  3.49  -0.02 
P200/CHIMERA    59971.29318  50.00 r   -0.21  3.34  -0.06 
P200/CHIMERA    59971.29376  50.00 r    1.07  3.51   0.30 
P200/CHIMERA    59971.29434  50.00 r   -5.48  3.40  -1.61 
P200/CHIMERA    59971.29492  50.00 r   -3.10  3.26  -0.95 
P200/CHIMERA    59971.29549  50.00 r    6.83  3.47   1.97 
P200/CHIMERA    59971.29607  50.00 r    5.29  3.69   1.43 
P200/CHIMERA    59971.29665  50.00 r    0.60  3.53   0.17 
P200/CHIMERA    59971.29723  50.00 r   -2.31  3.40  -0.68 
P200/CHIMERA    59971.29785  50.00 r   -2.39  3.87  -0.62 
P200/CHIMERA    59971.29843  50.00 r    3.62  3.76   0.96 
P200/CHIMERA    59971.29901  50.00 r    0.71  3.17   0.22 
P200/CHIMERA    59971.29959  50.00 r   -4.06  3.74  -1.09 
P200/CHIMERA    59971.30017  50.00 r    1.05  3.62   0.29 
P200/CHIMERA    59971.30074  50.00 r   -3.04  3.23  -0.94 
P200/CHIMERA    59971.30132  50.00 r   -0.05  3.44  -0.01 
P200/CHIMERA    59971.30190  50.00 r   -0.93  3.47  -0.27 
P200/CHIMERA    59971.30248  50.00 r   -0.31  3.43  -0.09 
P200/CHIMERA    59971.30306  50.00 r   -2.38  3.80  -0.63 
P200/CHIMERA    59971.30368  50.00 r   -0.64  3.70  -0.17 
P200/CHIMERA    59971.30426  50.00 r   -2.00  4.38  -0.46 
P200/CHIMERA    59971.30484  50.00 r   -1.00  3.91  -0.26 
P200/CHIMERA    59971.30542  50.00 r   -2.02  3.98  -0.51 
P200/CHIMERA    59971.30599  50.00 r    5.03  3.44   1.46 
P200/CHIMERA    59971.30657  50.00 r    3.90  4.16   0.94 
P200/CHIMERA    59971.30715  50.00 r   -2.23  4.18  -0.53 
P200/CHIMERA    59971.30773  50.00 r    3.72  4.48   0.83 
P200/CHIMERA    59971.30831  50.00 r   -0.49  3.79  -0.13 
P200/CHIMERA    59971.30889  50.00 r   -6.34  4.50  -1.41 
P200/CHIMERA    59971.30951  50.00 r    3.14  3.76   0.84 
P200/CHIMERA    59971.31009  50.00 r   -3.28  3.78  -0.87 
P200/CHIMERA    59971.31067  50.00 r   -3.87  3.89  -0.99 
P200/CHIMERA    59971.31124  50.00 r   10.60  4.13   2.57 
P200/CHIMERA    59971.31182  50.00 r    3.80  4.56   0.83 
P200/CHIMERA    59971.31240  50.00 r   -5.13  5.19  -0.99 
P200/CHIMERA    59971.31298  50.00 r    1.09  4.23   0.26 
P200/CHIMERA    59971.31356  50.00 r    5.89  5.19   1.13 
P200/CHIMERA    59971.31414  50.00 r   11.70  6.93   1.69 
P200/CHIMERA    59971.31472  50.00 r   -1.60  5.98  -0.27 
P200/CHIMERA    59971.19290  50.00 g    2.68  2.96   0.91 
P200/CHIMERA    59971.19348  50.00 g   -0.74  2.79  -0.27 
P200/CHIMERA    59971.19405  50.00 g    2.00  2.85   0.70 
P200/CHIMERA    59971.19463  50.00 g    2.10  3.87   0.54 
P200/CHIMERA    59971.19521  50.00 g    6.22  5.52   1.13 
P200/CHIMERA    59971.19579  50.00 g    2.70  3.27   0.83 
P200/CHIMERA    59971.19637  50.00 g   -0.83  3.24  -0.26 
P200/CHIMERA    59971.19695  50.00 g    0.97  2.98   0.32 
P200/CHIMERA    59971.19753  50.00 g    1.09  3.54   0.31 
P200/CHIMERA    59971.19810  50.00 g    3.23  4.13   0.78 
P200/CHIMERA    59971.19873  50.00 g    1.51  3.91   0.39 
P200/CHIMERA    59971.19930  50.00 g    0.96  3.46   0.28 
P200/CHIMERA    59971.19988  50.00 g    0.23  2.92   0.08 
P200/CHIMERA    59971.20046  50.00 g   -1.21  2.91  -0.42 
P200/CHIMERA    59971.20104  50.00 g    2.66  2.66   1.00 
P200/CHIMERA    59971.20162  50.00 g    3.55  2.98   1.19 
P200/CHIMERA    59971.20220  50.00 g    2.70  3.31   0.82 
P200/CHIMERA    59971.20278  50.00 g    1.84  3.93   0.47 
P200/CHIMERA    59971.20336  50.00 g    3.20  4.14   0.77 
P200/CHIMERA    59971.20393  50.00 g    1.46  3.13   0.47 
P200/CHIMERA    59971.20455  50.00 g   -1.47  3.53  -0.42 
P200/CHIMERA    59971.20513  50.00 g    0.74  2.92   0.25 
P200/CHIMERA    59971.20571  50.00 g    3.38  2.36   1.43 
P200/CHIMERA    59971.20629  50.00 g    1.13  3.06   0.37 
P200/CHIMERA    59971.20687  50.00 g    1.23  2.86   0.43 
P200/CHIMERA    59971.20745  50.00 g   -3.94  3.25  -1.21 
P200/CHIMERA    59971.20803  50.00 g    3.00  3.20   0.94 
P200/CHIMERA    59971.20861  50.00 g    2.61  3.18   0.82 
P200/CHIMERA    59971.20918  50.00 g   -0.41  3.15  -0.13 
P200/CHIMERA    59971.20976  50.00 g    2.54  3.15   0.81 
P200/CHIMERA    59971.21038  50.00 g    4.08  3.35   1.22 
P200/CHIMERA    59971.21096  50.00 g   -0.95  2.84  -0.34 
P200/CHIMERA    59971.21154  50.00 g   -1.93  3.39  -0.57 
P200/CHIMERA    59971.21212  50.00 g    4.89  4.20   1.16 
P200/CHIMERA    59971.21270  50.00 g   -0.75  3.32  -0.23 
P200/CHIMERA    59971.21328  50.00 g    0.39  4.09   0.10 
P200/CHIMERA    59971.21386  50.00 g   -0.58  3.96  -0.15 
P200/CHIMERA    59971.21443  50.00 g    0.20  4.99   0.04 
P200/CHIMERA    59971.21501  50.00 g    2.18  8.54   0.26 
P200/CHIMERA    59971.21559  50.00 g   -5.06  6.04  -0.84 
P200/CHIMERA    59971.21621  50.00 g    3.14  6.05   0.52 
P200/CHIMERA    59971.21679  50.00 g   -3.97  7.49  -0.53 
P200/CHIMERA    59971.21737  50.00 g    6.89  7.15   0.96 
P200/CHIMERA    59971.21795  50.00 g   -0.39  4.38  -0.09 
P200/CHIMERA    59971.21853  50.00 g   -2.87  4.73  -0.61 
P200/CHIMERA    59971.21911  50.00 g   -0.11  5.36  -0.02 
P200/CHIMERA    59971.21968  50.00 g    1.98  4.05   0.49 
P200/CHIMERA    59971.22026  50.00 g   -4.24  4.29  -0.99 
P200/CHIMERA    59971.22084  50.00 g    1.51  3.42   0.44 
P200/CHIMERA    59971.22142  50.00 g   -1.50  3.23  -0.46 
P200/CHIMERA    59971.22204  50.00 g    0.74  3.05   0.24 
P200/CHIMERA    59971.22262  50.00 g   -0.35  3.28  -0.11 
P200/CHIMERA    59971.22320  50.00 g   -2.44  4.03  -0.61 
P200/CHIMERA    59971.22378  50.00 g    6.07  4.10   1.48 
P200/CHIMERA    59971.22436  50.00 g    0.16  4.46   0.04 
P200/CHIMERA    59971.22493  50.00 g   -1.10  4.95  -0.22 
P200/CHIMERA    59971.22551  50.00 g    2.15  4.21   0.51 
P200/CHIMERA    59971.22609  50.00 g    1.26  3.65   0.35 
P200/CHIMERA    59971.22667  50.00 g    0.86  3.48   0.25 
P200/CHIMERA    59971.22725  50.00 g   -0.78  4.48  -0.17 
P200/CHIMERA    59971.22787  50.00 g    2.77  3.21   0.86 
P200/CHIMERA    59971.22845  50.00 g   -0.97  3.17  -0.31 
P200/CHIMERA    59971.22903  50.00 g    1.54  4.47   0.34 
P200/CHIMERA    59971.22961  50.00 g   -3.15  3.38  -0.93 
P200/CHIMERA    59971.23018  50.00 g   -2.64  3.80  -0.69 
P200/CHIMERA    59971.23076  50.00 g    2.28  3.32   0.69 
P200/CHIMERA    59971.23134  50.00 g    0.60  3.29   0.18 
P200/CHIMERA    59971.23192  50.00 g   -1.06  3.90  -0.27 
P200/CHIMERA    59971.23250  50.00 g    4.23  3.31   1.28 
P200/CHIMERA    59971.23308  50.00 g    0.11  3.16   0.04 
P200/CHIMERA    59971.23370  50.00 g    2.58  3.32   0.78 
P200/CHIMERA    59971.23428  50.00 g    0.72  3.33   0.22 
P200/CHIMERA    59971.23486  50.00 g    1.61  3.64   0.44 
P200/CHIMERA    59971.23543  50.00 g    3.74  4.29   0.87 
P200/CHIMERA    59971.23601  50.00 g   -0.53  3.37  -0.16 
P200/CHIMERA    59971.23659  50.00 g    1.00  3.42   0.29 
P200/CHIMERA    59971.23717  50.00 g    4.28  3.12   1.37 
P200/CHIMERA    59971.23775  50.00 g    2.17  3.30   0.66 
P200/CHIMERA    59971.23833  50.00 g    3.28  4.83   0.68 
P200/CHIMERA    59971.23891  50.00 g    3.39  7.77   0.44 
P200/CHIMERA    59971.23953  50.00 g    4.31  3.91   1.10 
P200/CHIMERA    59971.24011  50.00 g    0.80  3.43   0.23 
P200/CHIMERA    59971.24068  50.00 g    5.94  3.39   1.75 
P200/CHIMERA    59971.24126  50.00 g   -0.60  3.34  -0.18 
P200/CHIMERA    59971.24184  50.00 g    2.23  3.11   0.72 
P200/CHIMERA    59971.24242  50.00 g    4.14  3.26   1.27 
P200/CHIMERA    59971.24300  50.00 g    6.61  3.33   1.98 
P200/CHIMERA    59971.24358  50.00 g   -0.98  3.87  -0.25 
P200/CHIMERA    59971.24416  50.00 g    3.35  3.81   0.88 
P200/CHIMERA    59971.24474  50.00 g    2.52  3.37   0.75 
P200/CHIMERA    59971.24536  50.00 g    2.17  3.73   0.58 
P200/CHIMERA    59971.24594  50.00 g   -1.09  3.47  -0.31 
P200/CHIMERA    59971.24651  50.00 g    1.81  3.06   0.59 
P200/CHIMERA    59971.24709  50.00 g    6.04  3.34   1.81 
P200/CHIMERA    59971.24767  50.00 g   -2.86  2.88  -0.99 
P200/CHIMERA    59971.24825  50.00 g   -0.30  3.23  -0.09 
P200/CHIMERA    59971.24883  50.00 g    0.75  3.51   0.21 
P200/CHIMERA    59971.24941  50.00 g    5.42  3.58   1.51 
P200/CHIMERA    59971.24999  50.00 g    0.13  3.65   0.04 
P200/CHIMERA    59971.25056  50.00 g   -0.03  4.14  -0.01 
P200/CHIMERA    59971.25119  50.00 g    3.97  4.46   0.89 
P200/CHIMERA    59971.25176  50.00 g    3.74  4.36   0.86 
P200/CHIMERA    59971.25234  50.00 g   -5.42  4.40  -1.23 
P200/CHIMERA    59971.25292  50.00 g    1.51  3.25   0.46 
P200/CHIMERA    59971.25350  50.00 g    3.70  3.50   1.06 
P200/CHIMERA    59971.25408  50.00 g    4.61  4.06   1.14 
P200/CHIMERA    59971.25466  50.00 g   -3.56  4.14  -0.86 
P200/CHIMERA    59971.25524  50.00 g    1.85  4.03   0.46 
P200/CHIMERA    59971.25581  50.00 g    6.24  3.46   1.80 
P200/CHIMERA    59971.25639  50.00 g    2.56  4.27   0.60 
P200/CHIMERA    59971.25701  50.00 g    1.38  3.91   0.35 
P200/CHIMERA    59971.25759  50.00 g   -2.53  3.99  -0.63 
P200/CHIMERA    59971.25817  50.00 g    3.68  3.49   1.05 
P200/CHIMERA    59971.25875  50.00 g   -2.21  3.36  -0.66 
P200/CHIMERA    59971.25933  50.00 g    5.95  3.73   1.60 
P200/CHIMERA    59971.25991  50.00 g   -0.35  4.85  -0.07 
P200/CHIMERA    59971.26049  50.00 g    7.13  4.38   1.63 
P200/CHIMERA    59971.26107  50.00 g    3.50  3.89   0.90 
P200/CHIMERA    59971.26164  50.00 g   -4.26  3.57  -1.19 
P200/CHIMERA    59971.26222  50.00 g    0.46  3.26   0.14 
P200/CHIMERA    59971.26284  50.00 g    1.07  3.95   0.27 
P200/CHIMERA    59971.26342  50.00 g   -1.62  2.76  -0.59 
P200/CHIMERA    59971.26400  50.00 g    2.91  3.32   0.88 
P200/CHIMERA    59971.26458  50.00 g    1.73  3.03   0.57 
P200/CHIMERA    59971.26516  50.00 g    5.09  3.97   1.28 
P200/CHIMERA    59971.26574  50.00 g   -1.17  4.40  -0.27 
P200/CHIMERA    59971.26632  50.00 g   -0.61  4.47  -0.14 
P200/CHIMERA    59971.26689  50.00 g   -1.44  4.45  -0.32 
P200/CHIMERA    59971.26747  50.00 g   -3.21  4.02  -0.80 
P200/CHIMERA    59971.26805  50.00 g    1.06  3.72   0.28 
P200/CHIMERA    59971.26867  50.00 g    2.68  3.75   0.71 
P200/CHIMERA    59971.26925  50.00 g   -0.46  3.80  -0.12 
P200/CHIMERA    59971.26983  50.00 g    5.07  4.40   1.15 
P200/CHIMERA    59971.27041  50.00 g    4.12  4.43   0.93 
P200/CHIMERA    59971.27099  50.00 g   -0.76  3.76  -0.20 
P200/CHIMERA    59971.27157  50.00 g    5.22  3.83   1.36 
P200/CHIMERA    59971.27214  50.00 g    2.85  3.88   0.73 
P200/CHIMERA    59971.27272  50.00 g    3.89  3.92   0.99 
P200/CHIMERA    59971.27330  50.00 g    1.18  4.17   0.28 
P200/CHIMERA    59971.27388  50.00 g    3.72  4.03   0.92 
P200/CHIMERA    59971.27450  50.00 g    3.03  4.07   0.74 
P200/CHIMERA    59971.27508  50.00 g   -2.15  3.94  -0.55 
P200/CHIMERA    59971.27566  50.00 g    0.46  3.90   0.12 
P200/CHIMERA    59971.27624  50.00 g    4.38  4.14   1.06 
P200/CHIMERA    59971.27682  50.00 g   -1.83  4.16  -0.44 
P200/CHIMERA    59971.27739  50.00 g    1.80  4.46   0.40 
P200/CHIMERA    59971.27797  50.00 g    3.03  4.04   0.75 
P200/CHIMERA    59971.27855  50.00 g   -0.63  4.28  -0.15 
P200/CHIMERA    59971.27913  50.00 g   -2.60  3.92  -0.66 
P200/CHIMERA    59971.27971  50.00 g    4.91  4.13   1.19 
P200/CHIMERA    59971.28033  50.00 g    0.43  4.03   0.11 
P200/CHIMERA    59971.28091  50.00 g    1.29  4.25   0.30 
P200/CHIMERA    59971.28149  50.00 g    1.38  3.74   0.37 
P200/CHIMERA    59971.28207  50.00 g    1.27  3.63   0.35 
P200/CHIMERA    59971.28264  50.00 g    0.99  3.47   0.28 
P200/CHIMERA    59971.28322  50.00 g   -3.76  4.50  -0.84 
P200/CHIMERA    59971.28380  50.00 g    0.16  3.16   0.05 
P200/CHIMERA    59971.28438  50.00 g    4.12  4.01   1.03 
P200/CHIMERA    59971.28496  50.00 g    3.01  4.11   0.73 
P200/CHIMERA    59971.28554  50.00 g   -3.06  3.42  -0.89 
P200/CHIMERA    59971.28616  50.00 g    1.76  3.96   0.44 
P200/CHIMERA    59971.28674  50.00 g    4.88  3.85   1.27 
P200/CHIMERA    59971.28732  50.00 g    3.28  3.60   0.91 
P200/CHIMERA    59971.28789  50.00 g    4.60  3.92   1.17 
P200/CHIMERA    59971.28847  50.00 g   -1.75  3.84  -0.46 
P200/CHIMERA    59971.28905  50.00 g    0.64  3.80   0.17 
P200/CHIMERA    59971.28963  50.00 g    1.90  3.71   0.51 
P200/CHIMERA    59971.29021  50.00 g   -1.28  4.25  -0.30 
P200/CHIMERA    59971.29079  50.00 g    4.02  4.05   0.99 
P200/CHIMERA    59971.29137  50.00 g   -1.36  4.00  -0.34 
P200/CHIMERA    59971.29199  50.00 g    0.86  3.49   0.25 
P200/CHIMERA    59971.29257  50.00 g    0.44  3.41   0.13 
P200/CHIMERA    59971.29314  50.00 g   -1.13  3.90  -0.29 
P200/CHIMERA    59971.29372  50.00 g    7.12  3.37   2.11 
P200/CHIMERA    59971.29430  50.00 g   -3.38  3.84  -0.88 
P200/CHIMERA    59971.29488  50.00 g    0.26  3.54   0.07 
P200/CHIMERA    59971.29546  50.00 g    4.42  3.29   1.34 
P200/CHIMERA    59971.29604  50.00 g    3.12  3.33   0.94 
P200/CHIMERA    59971.29662  50.00 g    2.32  3.73   0.62 
P200/CHIMERA    59971.29720  50.00 g    0.57  3.74   0.15 
P200/CHIMERA    59971.29782  50.00 g    7.64  4.32   1.77 
P200/CHIMERA    59971.29839  50.00 g    2.02  4.07   0.50 
P200/CHIMERA    59971.29897  50.00 g    0.14  3.96   0.04 
P200/CHIMERA    59971.29955  50.00 g   -0.55  4.02  -0.14 
P200/CHIMERA    59971.30013  50.00 g    3.72  3.32   1.12 
P200/CHIMERA    59971.30071  50.00 g   -2.15  3.33  -0.65 
P200/CHIMERA    59971.30129  50.00 g   -0.95  3.62  -0.26 
P200/CHIMERA    59971.30187  50.00 g    3.21  3.79   0.85 
P200/CHIMERA    59971.30245  50.00 g    0.92  3.88   0.24 
P200/CHIMERA    59971.30302  50.00 g   -0.81  4.05  -0.20 
P200/CHIMERA    59971.30365  50.00 g    1.77  3.65   0.48 
P200/CHIMERA    59971.30422  50.00 g    7.51  4.00   1.88 
P200/CHIMERA    59971.30480  50.00 g    2.95  4.71   0.63 
P200/CHIMERA    59971.30538  50.00 g   -0.46  4.96  -0.09 
P200/CHIMERA    59971.30596  50.00 g   -4.86  3.88  -1.25 
P200/CHIMERA    59971.30654  50.00 g    1.65  3.88   0.43 
P200/CHIMERA    59971.30712  50.00 g    1.35  4.46   0.30 
P200/CHIMERA    59971.30770  50.00 g    0.77  5.19   0.15 
P200/CHIMERA    59971.30827  50.00 g   -2.11  3.68  -0.57 
P200/CHIMERA    59971.30885  50.00 g   -2.31  4.64  -0.50 
P200/CHIMERA    59971.30947  50.00 g   -1.28  4.50  -0.28 
P200/CHIMERA    59971.31005  50.00 g    3.92  4.25   0.92 
P200/CHIMERA    59971.31063  50.00 g    1.70  4.53   0.38 
P200/CHIMERA    59971.31121  50.00 g    3.19  4.25   0.75 
P200/CHIMERA    59971.31179  50.00 g   -3.19  5.12  -0.62 
P200/CHIMERA    59971.31237  50.00 g    5.03  5.93   0.85 
P200/CHIMERA    59971.31295  50.00 g   -4.21  5.33  -0.79 
P200/CHIMERA    59971.31352  50.00 g   -7.59  5.79  -1.31 
P200/CHIMERA    59971.31410  50.00 g    5.05  8.34   0.61 
P200/CHIMERA    59971.31468  50.00 g    1.71  6.18   0.28 
