% JD-2459000  Flux, FluxErr, Nobs
 957.23378    33.25   14.76   12
 957.23482    16.96    7.04   24
 957.23621    28.03    8.66   24
 957.23749    25.45    8.57   20
 957.25289    11.65    2.39    6
 957.27241    21.27    8.26   25
 957.27370    23.97   10.75   31
 957.27507    37.34    8.67   36
 957.27649    24.39    7.31   39
 957.27785    29.39    9.04   42
 957.27924    23.13    7.36   42
 957.28063    22.31    7.21   42
 957.28202    44.59   10.45   42
 957.28341    -4.80    6.18   42
 957.28479    22.12    4.40   42
 957.28618    19.33    5.56   42
 957.28757    29.69    5.82   42
 957.28896    20.73    4.99   42
 957.29035    31.86    5.34   42
 957.29174    33.55    7.09   42
 957.29314    33.46    4.50   41
 957.29452    41.82    7.23   42
 957.29591    51.87    7.67   42
 957.29730    21.31    4.30   42
 957.29869    23.23    7.89   42
 957.30008    29.30    6.52   42
 957.30147    27.95    7.21   42
 957.30286    29.77    5.27   42
 957.30424    21.03    3.43   42
 957.30563    31.00    8.88   42
 957.30702    12.10    5.91   42
 957.30841    26.73    4.30   42
 957.30980    32.56    7.57   42
 957.31119    46.89    6.33   42
 957.31258    31.46    7.18   42
 957.31395     4.17    7.62   37
 957.31536    30.42    7.84   36
 957.31675    49.77    3.88   36
 957.31814    54.71   11.23   36
 957.31953    34.75    5.88   36
 957.32092    28.11    9.40   36
 957.32231    64.41    8.89   36
 957.32370    10.06   10.91   36
 957.32509    30.29    6.25   36
 957.32647    39.31    5.98   36
 957.32786    61.41    8.79   36
 957.32928    20.89    9.62   40
 957.33064    27.65    9.88   42
 957.33203    37.43   11.30   42
 957.33340    24.19    5.83   40
 957.33481    16.18    9.02   36
 957.33616    42.07   10.99   33
 957.33759    20.59   16.17   24
 957.33898    49.69    9.79   30
 957.34037    20.31   11.25   30
 957.34176    59.50    8.97   30
 957.34311    33.18   11.65   26
 957.34454    12.46   10.06   24
 957.34592    36.19   12.95   24
 957.34731    44.70    5.59   24
 957.34870    15.75   12.09   24
 957.35009    43.62   16.86   24
 957.35148    22.79   14.05   24
 957.35287    43.04   14.38   24
 957.35426    26.42   13.89   24
 957.35565    -6.60    9.67   24
 957.35704    -5.43   11.10   24
 957.35843    25.40   12.27   24
 957.35982    21.69   20.32   24
 957.36121    28.48   17.19   24
 957.36260    -3.39   13.64   24
 957.36387    41.81   15.49   20
 957.36572    54.95   20.07   12
 957.36692    30.74   20.44   18
 957.36815    17.40   10.59   24
 957.36954   -14.60   12.37   24
 957.37093    30.11   21.12   24
 957.37232    57.15   11.43   24
 957.37369    61.83   14.01   23
 957.37510    48.51   15.57   24
 957.37649    25.59   18.50   24
 957.37788    46.79   22.94   24
 957.37927    44.91   20.02   24
 957.38062    52.86   17.12   19
 957.38204    19.54   32.69   18
 957.38343    28.43   33.44   18
 957.38482     7.65   13.00   18
 957.38621    49.61   27.34   18
 957.38760    46.61   27.82   18
 958.20472    23.31    1.80   12
 958.20565    29.52    6.07   36
 958.20704    21.10    4.42   36
 958.20843    25.37    4.88   36
 958.20982    13.74    5.90   42
 958.21121    19.54    3.27   42
 958.21260    18.40    5.22   42
 958.21399    21.34    5.71   42
 958.21538    22.84    5.90   42
 958.21676    22.20    3.03   42
 958.21815    -0.17    7.23   42
 958.21954    24.72    6.50   42
 958.22093    12.44    4.00   42
 958.22232    27.46    5.66   42
 958.22371    15.18    2.40   42
 958.22510    23.65    4.56   42
 958.22649    29.63    5.84   42
 958.22788    31.80    3.62   42
 958.22927    37.24    4.43   42
 958.23066    20.55    5.51   42
 958.23205    15.89    5.73   42
 958.23344    21.51    5.98   42
 958.23483    21.49    4.15   42
 958.23621    43.49    4.69   42
 958.23760    17.41    5.95   42
 958.23899    14.86    6.66   42
 958.24038    17.68    4.58   42
 958.24177    28.08    5.54   42
 958.24316    41.04    6.58   42
 958.24455    20.42    6.75   42
 958.24594    30.29    6.37   42
 958.24733    24.66    4.68   42
 958.24872    21.52    6.10   42
 958.25011    13.75    5.18   42
 958.25150    33.10    6.74   42
 958.25289    24.28    4.30   42
 958.25428    21.47    3.51   42
 958.25567    29.79    5.21   42
 958.25705    22.46    4.77   42
 958.25844     8.72    4.79   42
 958.25983    30.97    4.39   42
 958.26122    21.94    4.56   42
 958.26261    23.07    5.31   42
 958.26400    11.74    5.80   42
 958.26539    37.10    3.42   42
 958.26678    19.69    5.81   42
 958.26817    38.56    5.23   42
 958.26956    -4.25    4.41   42
 958.27095    16.64    4.56   42
 958.27234    42.99    4.60   42
 958.27373    23.60    3.24   42
 958.27512    32.60    3.70   42
 958.27650    -2.90    6.01   42
 958.27789    33.23    5.10   42
 958.27928    21.43    4.36   42
 958.28067    39.21    5.68   42
 958.28206    20.54    7.06   42
 958.28343    32.71    5.74   38
 958.28484    19.12    6.22   36
 958.28623    36.47    7.64   36
 958.28762    22.89    6.91   36
 958.28903     7.16    6.41   35
 958.29040     7.38    6.98   36
 958.29179    29.36    4.26   36
 958.29318    33.27    4.95   36
 958.29457    13.78    5.20   36
 958.29596     2.22    6.10   36
 958.29688    24.86   11.25   12
 958.29915    -0.15    9.39   12
 958.30007    34.13    7.13   36
 958.30146    21.01    5.50   36
 958.30285    39.20    3.80   36
 958.30424    22.02    5.39   36
 958.30563    36.38    7.66   36
 958.30702    16.50    6.30   36
 958.30843     3.84    6.49   40
 958.30980    17.90    5.09   42
 958.31119    30.43    6.16   42
 958.31255    34.37    7.68   40
 958.31397    14.64    6.44   36
 958.31540    21.72    6.51   32
 958.31675    29.62    8.14   36
 958.31811    31.08    6.51   40
 958.31952    12.97    5.84   42
 958.32092    34.72    6.69   38
 958.32228    22.02    5.37   38
 958.32369    15.22    4.50   36
 958.32508    21.44    8.48   36
 958.32649    31.14    3.78   38
 958.32786     9.52    8.11   42
 958.32925    49.96    7.45   42
 958.33064    60.86    6.89   42
 958.33203    26.96    8.09   42
 958.33342    31.45    8.49   42
 958.33481    26.46    7.19   42
 958.33624    12.63   16.87   34
 958.33759     8.90    7.30   36
 958.33897    15.27    7.96   36
 958.34036    32.57    4.90   36
 958.34174    34.43    4.73   35
 958.34312     9.48    8.68   25
 958.34453    39.62    5.75   24
 958.34592    20.50    8.50   30
 958.34728    34.55   11.35   27
 958.34870    18.95   10.17   24
 958.35009    18.40    9.22   24
 958.35148    45.09   10.32   24
 958.35287    24.01   12.53   24
 958.35421    42.44   12.34   22
 958.35565    -3.06    9.60   18
 958.35703    23.50    9.87   18
 958.35842   -15.48    8.72   18
 958.35981    20.65   15.39   18
 958.36120    31.20   15.49   18
 958.36256    47.75   12.74   17
 958.36398    20.65   19.53   18
 958.36537    26.27   13.64   18
 958.36676    54.24   19.12   18
 958.36815    33.59   24.09   18
 958.36954    47.93   23.83   18
 958.37093    23.49   19.09   18
 958.37232    64.82   13.70   18
 958.37371    18.30   24.83   18
 958.37510     3.81   20.67   18
 958.37648     4.97   13.81   18
 958.37787    -3.00   11.13   18
 958.37923    22.50   27.93   17
 958.38065    68.29   16.85   18
 958.38198    79.08   23.66   16
 958.38343    60.71   15.99   12
 958.38482    39.81   29.13   12
 958.38621    22.41   26.08   12
 958.38760    44.35   32.41   18
 958.38899    107.49  26.83   18
 958.39038    29.88   14.62   18
 958.39130    51.33   35.71    6
 960.20848    31.81   11.58    6
 960.20987    38.09   11.02    6
 960.21126    21.84    7.33    6
 960.21283    52.53   16.13   26
 960.21404    16.51   10.44   36
 960.21539    19.33    4.08   33
 960.21682    -11.28  19.03    6
 960.21821    28.51    8.89    6
 960.21968    15.53   16.14    7
 960.22112    35.52    8.92   28
 960.22237    70.43    8.46   36
 960.22374    25.53    9.41   31
 960.22489    25.84   15.45   14
 960.22654    24.03   21.33    6
 960.22805     5.64   11.84    9
 960.22949    20.32    6.74   16
 960.23071    63.15   12.61   30
 960.23210    52.34   13.40   30
 960.23344    27.69   11.20   28
 960.23479    55.37   25.89   10
 960.23627    50.76   19.56    6
 960.23766    23.79    8.90    6
 960.23913     2.87    7.57   26
 960.24043    23.07    6.00   36
 960.24179    45.12    3.41   32
 960.24298    18.96   10.04   18
 960.24460    20.27    9.34    6
 960.24599    20.41   10.55    6
 960.24761    -7.92   17.79   10
 960.24877    14.85    5.89   30
 960.25016    65.04    9.74   30
 960.25155    -11.55    5.64   30
 960.25267    26.07   25.94   14
 960.25433    42.94   12.20    6
 960.25572    39.68   26.31    6
 960.25737    55.51   28.62   14
 960.25849    24.77   15.01   30
 960.25988    33.05    8.62   30
 960.26127    30.52   19.19   30
 960.26240    45.39   17.14   14
 960.26405    -3.02   27.08    6
 960.26544    35.07   16.83   18
 960.26697    33.02   11.75   26
 960.26817    52.45    6.75   38
 960.26961    27.41    9.31   30
 960.27100    25.17    4.49   30
 960.27232    33.02    8.32   26
 960.27378    40.63   14.72   18
 960.27517     1.77   11.72   18
 960.27656     3.61    8.26   18
 960.27952    38.48   16.66   12
 960.28091    21.99   17.54   12
 960.28230    28.00    9.91   12
 960.28381    22.48    9.86   24
 960.28508    23.06   11.61   30
 960.28647    56.84    8.63   30
 960.28786    30.97    9.09   30
 960.28916    35.54    9.19   22
 960.29064    69.45   14.91   18
 960.29203    60.92   18.21   18
 960.29345    25.98   15.19   20
 960.29481    31.49   14.18   18
 960.29620    62.78   10.16   18
 960.29759    20.59   10.65   18
 960.29902    23.05   14.71   28
 960.30031    29.68    9.98   20
 960.30175    32.09   15.57   18
 960.30314    30.17   14.55   18
 960.30462    39.31    9.41   24
 960.30592    45.17   13.34   30
 960.30723    14.31   15.93   22
 960.30870    20.37   20.44   18
 960.31009    48.81    6.26   18
 960.31153    32.85   14.68   18
 960.31287    36.10   16.16   24
 960.31426    49.27   18.22   24
 960.31565    19.18   18.02   12
 960.31704    29.15    8.24   12
 960.31842     4.13   11.27   12
 960.31995    34.22   21.44   18
 960.32120    38.80   13.63   24
 960.32259    70.56   17.83   24
 960.32390    27.87   16.38   14
 960.32537    70.13   15.79   12
 960.32676    46.02   16.48   12
 960.32826     3.70   23.00   18
 960.32954    63.39   15.26   24
 960.33093    22.81   16.56   24
 960.33220    33.41   22.41   18
 960.33371    37.01    9.03   12
 960.33510    53.32   21.17   12
 960.33657    38.96   22.78   14
 960.33787    90.73   12.36   24
 960.33926    34.54   17.56   24
 960.34065    13.47   16.03   24
 960.34204    10.02   14.03   12
 960.34343     6.61   36.70   12
 960.34482    -22.94  18.38   12
 960.34630    74.14   19.72   20
 960.34760    35.57   26.70   24
